22.8
20.4
21
21.7
21
18.9
19.2
20.9
19.1
19.6
21.9
21.6
20.8
20.2
19.8
19.3
19.4
19.9
16.4
21.1
21.2
19.6
22.5
20.9
24.2
18.9
20.4
22.5
22.5
20.9
21
21.7
22
25.7
21.5
20.5
19.5
22.4
20.4
20.5
22
29
20.8
19.5
20.8
20.5
19.1
19.7
20.6
20.9
19.8
19.8
18.6
19.5
20.5
20
20
19.4
21.5
21.4
18.4
19.7
23.5
21.3
21
20.8
19.7
19.5
21.5
19.2
21.4
20.5
20.2
19
21.1
21.6
19.8
22.1
20.3
18.8
20.7
19.3
20.1
19.6
20.7
22.9
20.6
21.4
21.5
20
18.8
20
20.2
20.3
20.8
19.5
18.7
18.2
21.4
19.7
20.7
20.7
22.4
20.5
21.6
21.9
21.2
19.2
21.8
20.3
20.9
20.2
21.6
19.9
20.4
20.2
23
21.9
21.4
20.7
24
21.8
22.2
20.2
19.3
19.4
20.1
21.5
20.2
20.3
24
21.7
19.4
20.7
20.8
21
19.7
19.7
20.1
20.4
20.6
20.5
19.6
21.2
19.1
20.6
21.1
21.7
18.7
19.6
20.5
18.8
19.5
19.7
20.5
20.6
22.5
21.6
20.6
20.5
19
18.5
20.5
23
21.1
18.4
20.4
20.1
30.5
19.4
20.4
20
20.2
19
19.8
20.3
21.7
20.5
19.5
21.4
19
19.4
19.4
18.6
20.5
21.4
20.4
20.6
21.2
18.2
20.6
24.3
17.3
22.5
21.4
18.9
19.6
21.4
21.2
19.4
22.4
21
21.2
21.5
20.9
19.9
17.9
21.2
19.2
20.5
19.2
20.6
19.5
19.8
21.5
21.6
21.6
20.9
20.7
20.2
19.9
21.4
20.2
21.6
22.1
20.5
20.6
19.9
20
18.1
19.8
17.5
19.8
21
21.1
19.8
23.5
26.4
21.2
20.7
20.5
20.9
22.9
20.4
19.1
21.6
22.3
20.8
20.2
19.4
21.4
19.9
21.4
20.4
21.3
22.5
21.3
19.4
20.6
21
20.4
19.2
24.7
20.6
19.6
21
21.1
20
20.9
21
19.2
19.6
19.7
21
21.3
20.4
20.5
21.1
19.6
19.8
21.1
20.3
20.8
19.4
19
21.3
19.6
19.6
21.3
19.6
21.4
18.4
19.8
20.9
21.8
20.8
22.8
20.4
21.2
20.4
20.4
21.9
22.6
20.5
18.8
23.4
20.8
18.9
20.1
20
20.4
19.6
19.9
19.6
20.4
20.9
19.7
21.1
20
24.5
22.7
19.3
19.5
21.2
20.2
21.6
18.6
20.1
20
20.2
20.5
22.6
20.7
20.4
20.9
19.3
19.4
19.3
19
19.9
19.1
21
19.5
19.9
19.5
24.7
21.1
20.2
19.9
20.5
20.4
24.9
21.4
18.4
20.2
20
22.1
20.9
19.9
21.4
19.9
18.9
19.9
20.5
19.9
21.4
20.2
17.7
20.4
21.1
21.3
19.1
21.7
20
21.5
21.3
21.9
19.1
24.9
20.2
21.2
24.2
20.9
19
20.5
20.3
27.8
21.5
20
21
22.9
23.9
19.8
19.6
22
20.4
20.5
17.6
20.6
20.5
21.3
19.2
21
21.6
21.4
20.5
21
21.8
21.1
20.5
19.4
25.4
23.5
20.4
21
19.4
20.1
21
22.8
20.9
20.8
19.8
20.8
19.9
20.3
20.2
19.5
21.4
20.4
20.9
20.1
19.2
19.9
20
21.4
22
21.7
20.2
20
19
23.5
21.5
21.6
20.8
23
22.5
20
19
26.6
21.3
20.8
20.1
24.1
21
19.3
20
22.2
19.5
22.5
21.5
20
20.5
21.6
19.6
20.6
27.1
20.3
20.1
22.4
19.4
21
20.1
21.1
25.5
21.3
21.4
22
21.8
20.5
19.8
21
21.5
19.6
20.6
20.9
21.6
21.5
22.9
19.9
19.3
21.8
21
21.2
21.4
20
19.9
20
19.3
22.9
21.9
20.6
24.2
20.7
19.8
19.1
20.9
20.5
21.4
20.8
21.5
20.9
24.3
21
19.9
20
19.8
22.2
21.7
21.4
20.4
19.8
19.9
30.5
26.1
25.3
20
20.2
20
21.6
18.6
25.2
18.9
20
22.2
20.8
21.1
18.9
21.3
21.4
22
21.7
19.6
20.2
21.1
19.5
19.9
23.9
19.9
21.8
19.9
19.8
18.4
23.6
18.6
21.8
19.8
22.7
19.5
19.1
19.8
23.7
19.9
21.6
23.2
20.3
24.1
24.6
22.9
21.4
19.6
19.3
21.3
20.8
21.2
21.8
24.6
19.7
22.7
21.4
19.7
19.6
19.1
21.4
20.7
22.1
21.9
20.1
21.9
21.2
24.6
24
20.9
21
21.5
21.1
19.9
21.9
21
23.6
18
24.3
19.7
21.3
20.8
20.3
20
19.7
20.3
21
20
19
21.7
20.4
22.2
21
21.5
20
20.2
21.5
20.7
19.9
22.8
20.8
20.4
21.9
19.5
18.2
22.5
19.6
20.5
20.4
21.6
20.6
22
20
19.4
19.1
20.6
20.5
16.9
21.3
18.9
20.6
19.8
21.1
21.6
19
21.2
20.7
21.5
21.2
20.4
21.6
24.9
19.6
19.9
20.9
20.9
21.1
21
20.2
29.5
20.3
20.8
19.8
23.6
21.9
21.2
18.8
20.2
20.5
21.4
20.6
20.8
20.7
20.6
20.6
20.2
21.3
21.4
20
22.2
20.7
20.6
21.9
20.3
20.5
20.3
21.2
20.6
20.9
21.2
20
20.8
23.7
19.6
19.9
20.6
19.6
22.6
21.4
21.4
23.4
18.8
20.4
21.2
19.5
21.5
21.7
20
20
19.8
20.6
22.6
21.6
23.5
20
20.7
21.1
19.6
22.9
21.7
21.2
21.5
19.9
20.2
21.9
22
20
22.5
19.7
18.2
19
21
21.6
22.5
20
19.9
18.9
19.6
19
21.2
21.1
19.4
20.6
21
20.1
19.9
18.4
19.8
21.4
18.3
20.6
22.6
18.8
20.6
21.1
15.7
19.8
20.2
20.1
19.7
21.8
20
20.9
19.6
22.2
19.1
21.1
20.4
20.5
21.5
20.1
19.7
20.4
19.9
20.5
20.6
18.8
19.5
21.5
22.1
20.1
18.9
19.9
22.5
19.9
19.7
21.4
20.7
21.7
21.1
20.3
19.5
19
21
19
20.7
19.7
17.6
23.4
21.4
21.7
20.4
19.3
22.3
23.2
23.5
23.2
23.4
21
20.2
20.9
20.6
18.2
22.2
20.9
18.9
21.7
23.4
19.9
22
23.8
20.5
23.8
21.3
19.5
20
16.8
20.3
22.7
18.3
20.1
20.7
17.7
20.6
20.6
20.1
20.6
19.2
20.7
20.1
20.1
19.3
19.3
19.6
20.7
20
20.5
20.8
20.5
21.5
21.1
20.6
23.5
19.3
19.5
19.9
20
19.6
18.7
19.7
22.4
20.9
22.3
19.3
19.4
19.9
19.9
23.4
20.7
21.8
21.7
20.5
19.2
21.2
22.6
19.9
20.6
18
19.9
20.2
18.4
21.8
19.4
22.5
18.6
18.9
18.8
20.5
20.5
20.4
20.5
20
20.5
20.6
22.2
19.9
20.8
21.1
19.6
19.7
19.6
20.5
19.4
21.3
20.6
20.6
19.4
21.6
15.3
21.5
19.9
21.5
23.3
20