ID sex age VS stomach_weight body_weight body_length inferred_spawning_season n
0 B D D P P P D P
Hastskar_947 0 6 56 2.19 80.8 22.8 NA 1
Hastskar_967 0 7 55 1.19 68.1 20.4 0 2
Hastskar_1 0 5 57 0.7 64.5 21 0 3
Hastskar_10 0 7 56 0.75 70.5 21.7 1 4
Hastskar_100 0 5 NA 0.81 67.9 21 1 5
Hastskar_101 0 5 56 0.9 57 18.9 0 6
Hastskar_102 0 6 56 0.46 56.9 19.2 0 7
Hastskar_104 0 7 56 0.68 65.8 20.9 0 8
Hastskar_105 0 5 56 0.46 49.8 19.1 NA 9
Hastskar_106 0 6 NA 0.78 58.6 19.6 0 10
Hastskar_107 0 7 NA 1.14 78 21.9 0 11
Hastskar_108 0 6 57 1.41 69.3 21.6 0 12
Hastskar_109 0 5 55 0.6 60.3 20.8 0 13
Hastskar_11 0 10 NA 0.67 54.7 20.2 0 14
Hastskar_110 0 6 55 0.51 49.8 19.8 0 15
Hastskar_111 0 5 55 0.46 48.8 19.3 0 16
Hastskar_112 0 5 56 0.51 45.4 19.4 1 17
Hastskar_113 0 7 55 2.1 64.2 19.9 NA 18
Hastskar_114 0 4 NA 0.33 30 16.4 0 19
Hastskar_115 0 5 55 1.12 60.3 21.1 1 20
Hastskar_116 0 7 55 1 64.9 21.2 0 21
Hastskar_117 0 4 NA 0.52 50.3 19.6 1 22
Hastskar_118 0 4 55 0.7 69 22.5 0 23
Hastskar_119 0 7 NA 0.7 66.2 20.9 1 24
Hastskar_12 0 4 55 1.24 94.5 24.2 NA 25
Hastskar_121 0 5 55 0.47 51.3 18.9 NA 26
Hastskar_122 0 5 57 0.88 56.2 20.4 1 27
Hastskar_123 0 7 55 0.75 70.4 22.5 0 28
Hastskar_124 0 6 55 1.95 84.1 22.5 NA 29
Hastskar_125 0 6 56 1.08 54.2 20.9 1 30
Hastskar_126 0 7 55 0.8 74.1 21 1 31
Hastskar_127 0 6 56 0.89 73.9 21.7 1 32
Hastskar_128 0 6 55 0.88 80 22 0 33
Hastskar_129 0 4 57 1.36 110.1 25.7 2 34
Hastskar_13 0 7 55 1.34 91.6 21.5 1 35
Hastskar_130 0 5 56 0.61 59.9 20.5 0 36
Hastskar_131 0 4 55 0.78 52.7 19.5 0 37
Hastskar_132 0 7 57 1.13 94.7 22.4 0 38
Hastskar_133 0 6 56 0.57 55.1 20.4 0 39
Hastskar_134 0 8 56 0.9 66.5 20.5 1 40
Hastskar_135 0 6 56 1.28 78.4 22 0 41
Hastskar_136 0 6 56 0.94 59.7 29 1 42
Hastskar_137 0 5 56 0.67 59.8 20.8 0 43
Hastskar_138 0 7 56 0.86 49.2 19.5 0 44
Hastskar_139 0 6 56 0.56 64.5 20.8 NA 45
Hastskar_14 0 7 55 0.79 66 20.5 0 46
Hastskar_140 0 5 56 0.9 56.6 19.1 0 47
Hastskar_141 0 4 56 0.59 47.7 19.7 0 48
Hastskar_142 0 4 55 0.73 62 20.6 0 49
Hastskar_143 0 6 55 0.66 71.1 20.9 0 50
Hastskar_144 0 5 56 0.82 53 19.8 1 51
Hastskar_145 0 5 56 0.68 55.4 19.8 2 52
Hastskar_146 0 4 NA 0.4 44.8 18.6 0 53
Hastskar_147 0 5 55 0.74 45.3 19.5 0 54
Hastskar_148 0 5 55 0.64 59.8 20.5 NA 55
Hastskar_149 0 6 56 0.72 59.6 20 0 56
Hastskar_15 0 6 56 0.63 60.5 20 0 57
Hastskar_150 0 6 56 0.61 43.5 19.4 0 58
Hastskar_151 0 6 56 1.18 64.6 21.5 0 59
Hastskar_152 0 5 56 0.79 69.4 21.4 0 60
Hastskar_153 0 5 55 0.64 39.9 18.4 1 61
Hastskar_154 0 7 55 0.67 49.1 19.7 0 62
Hastskar_155 0 6 55 0.58 95.5 23.5 NA 63
Hastskar_156 0 4 55 1.06 61.5 21.3 0 64
Hastskar_157 0 7 56 0.81 66.6 21 0 65
Hastskar_158 0 8 55 0.71 75.8 20.8 0 66
Hastskar_159 0 8 55 0.59 52.6 19.7 0 67
Hastskar_16 0 5 55 0.57 54.1 19.5 0 68
Hastskar_160 0 5 55 0.87 71.6 21.5 0 69
Hastskar_161 0 6 55 0.42 52.1 19.2 0 70
Hastskar_162 0 9 56 2.26 86.6 21.4 2 71
Hastskar_163 0 7 55 0.78 66.3 20.5 1 72
Hastskar_164 0 8 56 0.9 59.7 20.2 0 73
Hastskar_165 0 6 55 0.54 50.5 19 0 74
Hastskar_166 0 9 56 0.85 60.5 21.1 0 75
Hastskar_167 0 8 55 0.71 65.3 21.6 0 76
Hastskar_168 0 8 55 0.76 61.2 19.8 0 77
Hastskar_169 0 9 56 0.81 72 22.1 0 78
Hastskar_17 0 6 55 0.5 57.2 20.3 0 79
Hastskar_170 0 5 55 0.91 46.5 18.8 0 80
Hastskar_171 0 8 55 0.86 66.2 20.7 0 81
Hastskar_172 0 6 57 0.75 58.9 19.3 0 82
Hastskar_173 0 7 55 0.78 58.5 20.1 0 83
Hastskar_174 0 6 55 0.71 60.4 19.6 0 84
Hastskar_175 0 6 55 1.18 50.6 20.7 0 85
Hastskar_176 0 7 55 0.83 87.7 22.9 1 86
Hastskar_177 0 5 56 0.75 58.2 20.6 1 87
Hastskar_178 0 4 55 0.96 64 21.4 1 88
Hastskar_179 0 6 55 1.12 85.8 21.5 1 89
Hastskar_18 0 5 55 0.81 53.3 20 0 90
Hastskar_180 0 4 55 0.75 49 18.8 0 91
Hastskar_181 0 5 56 0.93 53.3 20 NA 92
Hastskar_182 0 7 55 0.8 59.4 20.2 0 93
Hastskar_183 0 4 55 0.7 66.3 20.3 0 94
Hastskar_184 0 6 56 1.05 76.8 20.8 1 95
Hastskar_185 0 6 55 0.5 58.6 19.5 0 96
Hastskar_186 0 6 55 0.53 49.2 18.7 0 97
Hastskar_187 0 4 55 0.4 45.4 18.2 0 98
Hastskar_188 0 6 56 1.54 64.1 21.4 0 99
Hastskar_189 0 5 55 0.75 49.6 19.7 0 100
Hastskar_19 0 6 55 0.62 52.8 19.5 NA 101
Hastskar_190 0 6 56 0.41 60.2 20.7 0 102
Hastskar_191 0 6 56 0.58 59.1 20.7 0 103
Hastskar_192 0 5 55 1.68 76 22.4 0 104
Hastskar_193 0 5 NA 0.57 59 20.5 0 105
Hastskar_194 0 5 57 0.89 74.4 21.6 0 106
Hastskar_195 0 6 56 0.8 75.9 21.9 0 107
Hastskar_196 0 6 55 0.78 55.8 21.2 1 108
Hastskar_197 0 6 55 0.68 46.5 19.2 0 109
Hastskar_198 0 8 55 0.98 81.1 21.8 1 110
Hastskar_199 0 5 55 0.56 55 20.3 0 111
Hastskar_2 0 5 55 0.6 54.6 19.5 0 112
Hastskar_20 0 8 56 0.65 46.8 19.5 0 113
Hastskar_200 0 5 55 0.71 59.5 20.9 1 114
Hastskar_201 0 8 55 1 55.9 20.2 0 115
Hastskar_202 0 8 56 1.53 71.8 21.6 0 116
Hastskar_203 0 8 55 0.8 53.4 19.9 1 117
Hastskar_204 0 5 NA 0.5 62.7 20.4 0 118
Hastskar_205 0 7 55 0.84 65.3 20.2 0 119
Hastskar_206 0 9 55 0.84 88.3 23 0 120
Hastskar_207 0 6 56 1 77.3 21.9 0 121
Hastskar_208 0 6 55 1.36 81.4 21.4 1 122
Hastskar_209 0 9 55 0.82 58.9 20.7 0 123
Hastskar_21 0 4 55 1.1 95 24 2 124
Hastskar_211 0 6 55 0.8 79.8 21.8 0 125
Hastskar_212 0 5 55 0.82 77.1 22.2 0 126
Hastskar_213 0 9 55 0.68 56.9 20.2 NA 127
Hastskar_214 0 9 55 0.58 51.8 19.3 0 128
Hastskar_215 0 8 55 0.63 51.6 19.4 0 129
Hastskar_216 0 8 55 0.7 63.7 20.1 0 130
Hastskar_217 0 8 55 0.72 72.3 21.5 2 131
Hastskar_218 0 7 56 0.53 57.1 20.2 2 132
Hastskar_219 0 7 56 0.65 51.4 20.3 0 133
Hastskar_22 0 4 55 1.49 100.9 24 NA 134
Hastskar_220 0 6 57 1.01 67.5 21.7 1 135
Hastskar_221 0 8 55 0.5 44.1 19.4 0 136
Hastskar_222 0 7 56 0.66 64.9 20.7 0 137
Hastskar_223 0 4 55 0.71 62.6 20.8 0 138
Hastskar_224 0 4 55 0.5 60.8 21 2 139
Hastskar_225 0 6 55 0.7 53 19.7 0 140
Hastskar_226 0 6 55 0.52 53.6 19.7 0 141
Hastskar_227 0 6 55 0.68 61.1 20.1 NA 142
Hastskar_228 0 5 55 0.85 51.9 20.4 0 143
Hastskar_229 0 7 56 0.66 57.8 20.6 1 144
Hastskar_23 0 8 NA 0.65 68.4 20.5 1 145
Hastskar_231 0 7 55 0.35 47.9 19.6 1 146
Hastskar_232 0 8 56 0.98 69.4 21.2 0 147
Hastskar_233 0 6 56 0.45 49 19.1 0 148
Hastskar_234 0 7 56 0.52 53.5 20.6 0 149
Hastskar_235 0 7 55 0.92 75.5 21.1 1 150
Hastskar_236 0 7 56 0.63 73.6 21.7 0 151
Hastskar_237 0 5 56 0.6 42.9 18.7 0 152
Hastskar_238 0 6 55 0.56 58.8 19.6 1 153
Hastskar_239 0 6 55 0.74 61.9 20.5 0 154
Hastskar_240 0 7 56 0.75 53.7 18.8 0 155
Hastskar_241 0 8 55 0.73 55.4 19.5 0 156
Hastskar_242 0 7 56 0.67 54.9 19.7 NA 157
Hastskar_243 0 8 55 0.69 54.1 20.5 0 158
Hastskar_244 0 9 55 0.94 52.6 20.6 0 159
Hastskar_245 0 9 55 1.1 82.4 22.5 0 160
Hastskar_246 0 8 55 0.74 65.8 21.6 NA 161
Hastskar_248 0 5 56 0.58 58 20.6 NA 162
Hastskar_249 0 8 56 0.52 61.2 20.5 0 163
Hastskar_25 0 5 NA 0.43 48.9 19 0 164
Hastskar_250 0 8 55 0.52 46.6 18.5 0 165
Hastskar_251 0 6 56 1.25 67.2 20.5 0 166
Hastskar_252 0 5 55 0.82 89 23 NA 167
Hastskar_253 0 7 56 2.92 83 21.1 0 168
Hastskar_254 0 6 NA 0.54 49.8 18.4 1 169
Hastskar_255 0 7 56 0.73 56.6 20.4 2 170
Hastskar_256 0 6 55 0.86 61 20.1 0 171
Hastskar_257 0 9 57 2.98 232.7 30.5 2 172
Hastskar_258 0 6 55 0.69 52.6 19.4 0 173
Hastskar_259 0 6 55 0.61 69.2 20.4 NA 174
Hastskar_26 0 6 56 0.71 64.7 20 0 175
Hastskar_260 0 5 55 0.61 54.8 20.2 0 176
Hastskar_261 0 5 56 0.63 46 19 0 177
Hastskar_264 0 7 55 0.57 52.1 19.8 1 178
Hastskar_265 0 7 55 0.65 56.8 20.3 0 179
Hastskar_266 0 6 55 0.89 78 21.7 0 180
Hastskar_267 0 6 55 0.73 68.9 20.5 NA 181
Hastskar_268 0 5 56 0.72 55.3 19.5 2 182
Hastskar_269 0 6 55 0.86 73.3 21.4 0 183
Hastskar_27 0 5 55 0.56 47.8 19 0 184
Hastskar_270 0 6 55 0.57 46.6 19.4 0 185
Hastskar_271 0 6 56 0.58 46.2 19.4 1 186
Hastskar_272 0 6 55 0.44 45.3 18.6 0 187
Hastskar_273 0 6 56 0.92 53.1 20.5 1 188
Hastskar_274 0 5 55 1 63.4 21.4 NA 189
Hastskar_275 0 5 56 0.53 55.1 20.4 1 190
Hastskar_276 0 5 56 0.72 60.4 20.6 0 191
Hastskar_277 0 5 55 0.54 64.2 21.2 1 192
Hastskar_278 0 5 56 0.68 60.1 18.2 1 193
Hastskar_279 0 6 55 0.65 67.1 20.6 0 194
Hastskar_28 0 4 56 0.98 93.6 24.3 1 195
Hastskar_280 0 5 55 0.44 31.8 17.3 0 196
Hastskar_281 0 7 56 1.06 79.4 22.5 1 197
Hastskar_282 0 7 55 0.4 68.5 21.4 0 198
Hastskar_283 0 6 55 0.96 51.6 18.9 0 199
Hastskar_284 0 5 55 0.55 52.9 19.6 0 200
Hastskar_285 0 6 56 0.79 73.3 21.4 0 201
Hastskar_286 0 6 55 0.9 61.6 21.2 0 202
Hastskar_287 0 6 55 0.77 49.1 19.4 0 203
Hastskar_288 0 8 NA 1.04 78.9 22.4 NA 204
Hastskar_289 0 7 55 0.96 66.3 21 1 205
Hastskar_29 0 4 55 0.69 65.7 21.2 0 206
Hastskar_290 0 6 56 1.09 66.3 21.5 0 207
Hastskar_291 0 7 55 0.91 65.4 20.9 0 208
Hastskar_292 0 6 55 0.66 54.3 19.9 0 209
Hastskar_293 0 5 55 0.67 39.3 17.9 0 210
Hastskar_294 0 7 56 0.96 73.8 21.2 0 211
Hastskar_295 0 6 56 0.46 47 19.2 1 212
Hastskar_296 0 8 55 0.75 70.4 20.5 1 213
Hastskar_297 0 6 56 0.61 49.6 19.2 0 214
Hastskar_298 0 6 NA 0.71 58.8 20.6 0 215
Hastskar_299 0 8 NA 0.65 56 19.5 0 216
Hastskar_3 0 3 55 0.71 46.2 19.8 1 217
Hastskar_30 0 5 57 0.95 74.8 21.5 2 218
Hastskar_300 0 5 56 0.91 68.5 21.6 2 219
Hastskar_301 0 5 55 1.01 66.7 21.6 1 220
Hastskar_302 0 7 56 0.71 54.4 20.9 0 221
Hastskar_303 0 7 NA 1.08 67 20.7 1 222
Hastskar_304 0 6 NA 0.85 69.9 20.2 0 223
Hastskar_305 0 5 55 0.98 52.8 19.9 0 224
Hastskar_306 0 6 56 0.84 80 21.4 2 225
Hastskar_307 0 6 56 0.74 56.3 20.2 NA 226
Hastskar_308 0 5 56 0.74 71.5 21.6 0 227
Hastskar_309 0 9 55 0.75 76.7 22.1 1 228
Hastskar_31 0 7 57 0.83 59.2 20.5 0 229
Hastskar_310 0 8 56 0.49 66.1 20.6 1 230
Hastskar_311 0 6 55 1.62 56.9 19.9 0 231
Hastskar_312 0 6 56 0.59 59.2 20 0 232
Hastskar_313 0 5 56 0.47 40.2 18.1 0 233
Hastskar_314 0 6 55 0.73 63 19.8 0 234
Hastskar_315 0 7 55 0.52 40.7 17.5 0 235
Hastskar_316 0 6 56 0.77 49.7 19.8 0 236
Hastskar_317 0 5 55 0.8 58.8 21 0 237
Hastskar_318 0 6 56 0.68 62.9 21.1 1 238
Hastskar_319 0 8 56 0.57 55.4 19.8 1 239
Hastskar_32 0 8 55 0.81 85.4 23.5 0 240
Hastskar_320 0 5 56 1.57 129.7 26.4 2 241
Hastskar_321 0 4 55 0.84 64.5 21.2 1 242
Hastskar_322 0 7 55 0.69 56.9 20.7 0 243
Hastskar_323 0 8 55 0.62 65.7 20.5 0 244
Hastskar_324 0 5 55 0.79 67.2 20.9 0 245
Hastskar_325 0 8 55 0.72 86.6 22.9 2 246
Hastskar_326 0 9 56 0.67 64.5 20.4 0 247
Hastskar_327 0 8 55 0.47 43.8 19.1 0 248
Hastskar_328 0 7 55 0.78 69.7 21.6 0 249
Hastskar_329 0 9 55 0.94 82.8 22.3 1 250
Hastskar_33 0 6 55 0.51 67.5 20.8 0 251
Hastskar_330 0 8 57 0.38 55 20.2 0 252
Hastskar_331 0 6 56 0.54 53.4 19.4 2 253
Hastskar_332 0 9 56 0.86 68.6 21.4 0 254
Hastskar_333 0 4 55 0.92 54 19.9 0 255
Hastskar_334 0 8 56 0.72 72.5 21.4 0 256
Hastskar_335 0 6 55 0.63 60.3 20.4 2 257
Hastskar_336 0 6 55 0.69 74.8 21.3 0 258
Hastskar_337 0 4 55 1.04 82.9 22.5 0 259
Hastskar_338 0 5 55 1.1 65.1 21.3 0 260
Hastskar_339 0 6 55 0.6 53.9 19.4 0 261
Hastskar_340 0 7 55 0.59 58.2 20.6 NA 262
Hastskar_342 0 7 56 0.61 64.1 21 0 263
Hastskar_343 0 6 57 0.46 56.9 20.4 0 264
Hastskar_344 0 6 56 0.53 47.4 19.2 0 265
Hastskar_345 0 6 57 1.01 103.9 24.7 0 266
Hastskar_346 0 7 55 0.98 68 20.6 1 267
Hastskar_347 0 7 56 0.59 47.5 19.6 0 268
Hastskar_348 0 9 55 1.44 63.9 21 1 269
Hastskar_349 0 6 55 2.33 72 21.1 0 270
Hastskar_35 0 6 55 0.93 52.9 20 0 271
Hastskar_350 0 6 55 0.51 62.6 20.9 NA 272
Hastskar_351 0 6 55 0.99 66.2 21 1 273
Hastskar_352 0 6 55 0.68 51.7 19.2 1 274
Hastskar_353 0 5 56 1.01 53.4 19.6 0 275
Hastskar_354 0 5 55 0.76 55.4 19.7 2 276
Hastskar_355 0 5 NA 1.08 71.7 21 0 277
Hastskar_357 0 10 56 0.71 58.5 21.3 0 278
Hastskar_358 0 5 55 0.81 53.1 20.4 NA 279
Hastskar_359 0 7 55 0.66 53.9 20.5 NA 280
Hastskar_36 0 6 NA 0.49 64.1 21.1 1 281
Hastskar_360 0 8 56 0.64 54 19.6 1 282
Hastskar_361 0 5 55 0.69 49 19.8 0 283
Hastskar_363 0 7 55 0.62 61.9 21.1 0 284
Hastskar_364 0 7 NA 0.78 60.1 20.3 0 285
Hastskar_365 0 7 55 1.61 62.4 20.8 1 286
Hastskar_366 0 6 55 0.32 57.1 19.4 0 287
Hastskar_367 0 8 55 1.27 56.1 19 0 288
Hastskar_368 0 7 55 0.97 77.9 21.3 0 289
Hastskar_37 0 6 NA 0.44 55.7 19.6 0 290
Hastskar_370 0 5 55 0.4 50.6 19.6 0 291
Hastskar_371 0 6 NA 0.53 54.2 21.3 0 292
Hastskar_372 0 6 55 0.69 60.8 19.6 1 293
Hastskar_373 0 8 55 0.84 72.7 21.4 0 294
Hastskar_374 0 4 56 0.53 52 18.4 0 295
Hastskar_375 0 5 55 0.66 52.5 19.8 0 296
Hastskar_376 0 5 NA 0.67 64.2 20.9 0 297
Hastskar_377 0 6 56 0.85 67.1 21.8 1 298
Hastskar_378 0 6 55 1.27 71.9 20.8 0 299
Hastskar_379 0 4 56 1.52 76.4 22.8 0 300
Hastskar_38 0 5 NA 0.64 56.8 20.4 0 301
Hastskar_380 0 5 56 0.73 63.9 21.2 1 302
Hastskar_381 0 6 54 0.7 60.8 20.4 0 303
Hastskar_382 0 7 55 0.9 53.5 20.4 1 304
Hastskar_383 0 8 56 0.72 73.5 21.9 0 305
Hastskar_385 0 6 55 0.84 86.8 22.6 0 306
Hastskar_386 0 6 55 0.6 60 20.5 0 307
Hastskar_387 0 5 55 0.49 49.2 18.8 0 308
Hastskar_388 0 6 55 0.52 75.1 23.4 0 309
Hastskar_389 0 8 NA 0.62 71.7 20.8 0 310
Hastskar_39 0 5 56 0.5 45.6 18.9 0 311
Hastskar_390 0 5 56 0.58 51.4 20.1 0 312
Hastskar_391 0 6 55 0.9 65.3 20 0 313
Hastskar_392 0 6 55 0.69 56.8 20.4 1 314
Hastskar_393 0 6 55 0.55 55.7 19.6 0 315
Hastskar_394 0 6 55 0.53 61.6 19.9 0 316
Hastskar_395 0 5 55 0.62 47.1 19.6 0 317
Hastskar_396 0 6 55 0.55 51.4 20.4 0 318
Hastskar_397 0 5 56 0.67 73.5 20.9 1 319
Hastskar_398 0 8 57 1.1 58.8 19.7 1 320
Hastskar_399 0 7 55 0.93 63.3 21.1 1 321
Hastskar_4 0 5 55 0.99 59.8 20 NA 322
Hastskar_40 0 4 55 0.63 98.5 24.5 0 323
Hastskar_400 0 6 56 1.03 94.8 22.7 0 324
Hastskar_401 0 7 55 0.91 58.5 19.3 0 325
Hastskar_402 0 6 56 0.72 51.5 19.5 NA 326
Hastskar_403 0 5 55 0.64 66.6 21.2 0 327
Hastskar_404 0 4 56 0.68 51.8 20.2 0 328
Hastskar_405 0 6 56 1.1 86.8 21.6 1 329
Hastskar_406 0 5 55 0.96 48.4 18.6 NA 330
Hastskar_407 0 6 56 0.86 57.7 20.1 0 331
Hastskar_408 0 6 55 0.95 58.7 20 0 332
Hastskar_409 0 5 55 0.64 64.4 20.2 0 333
Hastskar_41 0 7 NA 0.68 67.3 20.5 0 334
Hastskar_410 0 6 56 0.91 95 22.6 0 335
Hastskar_411 0 8 56 0.8 64.7 20.7 0 336
Hastskar_412 0 8 55 0.78 58.3 20.4 0 337
Hastskar_413 0 7 55 0.69 65.4 20.9 0 338
Hastskar_414 0 8 55 0.46 50.7 19.3 1 339
Hastskar_415 0 7 55 0.58 51.1 19.4 0 340
Hastskar_416 0 6 55 0.53 53.9 19.3 0 341
Hastskar_417 0 9 55 0.63 52.7 19 0 342
Hastskar_418 0 6 55 0.59 56.5 19.9 0 343
Hastskar_419 0 5 55 0.66 53.3 19.1 0 344
Hastskar_42 0 4 56 1.08 73.3 21 0 345
Hastskar_420 0 5 56 0.54 48.1 19.5 0 346
Hastskar_421 0 5 55 0.66 58.3 19.9 0 347
Hastskar_422 0 6 55 0.55 59.3 19.5 1 348
Hastskar_423 0 3 56 0.9 107.8 24.7 0 349
Hastskar_424 0 7 56 0.77 61.6 21.1 NA 350
Hastskar_425 0 5 56 0.57 55.8 20.2 NA 351
Hastskar_426 0 9 56 0.62 59.5 19.9 0 352
Hastskar_427 0 5 57 0.61 58.9 20.5 0 353
Hastskar_428 0 4 55 0.8 57.2 20.4 1 354
Hastskar_429 0 5 56 1.33 100.8 24.9 NA 355
Hastskar_430 0 7 56 0.7 71.8 21.4 0 356
Hastskar_431 0 4 55 0.46 46.1 18.4 0 357
Hastskar_432 0 4 55 0.86 59.7 20.2 0 358
Hastskar_433 0 5 55 0.67 64 20 0 359
Hastskar_434 0 7 56 1.16 67.2 22.1 0 360
Hastskar_435 0 6 NA 0.8 55.9 20.9 0 361
Hastskar_436 0 8 56 0.74 54.3 19.9 2 362
Hastskar_437 0 6 56 0.78 80.3 21.4 NA 363
Hastskar_438 0 7 55 0.84 51.9 19.9 0 364
Hastskar_439 0 5 55 0.53 52.2 18.9 0 365
Hastskar_44 0 6 55 0.61 57.5 19.9 0 366
Hastskar_440 0 5 56 0.86 58.4 20.5 0 367
Hastskar_441 0 5 55 0.67 59.4 19.9 0 368
Hastskar_442 0 8 NA 0.64 59.3 21.4 1 369
Hastskar_443 0 5 56 0.57 54.6 20.2 0 370
Hastskar_444 0 6 55 0.52 34.3 17.7 0 371
Hastskar_445 0 6 55 0.66 62 20.4 0 372
Hastskar_446 0 6 55 0.79 69.8 21.1 0 373
Hastskar_447 0 7 55 0.7 77.6 21.3 0 374
Hastskar_448 0 5 55 0.48 51.2 19.1 0 375
Hastskar_449 0 4 56 1.59 68.4 21.7 NA 376
Hastskar_45 0 5 55 0.76 58.3 20 0 377
Hastskar_450 0 5 56 0.8 84.7 21.5 1 378
Hastskar_451 0 6 NA 0.64 68.9 21.3 0 379
Hastskar_452 0 6 56 0.93 71.2 21.9 1 380
Hastskar_453 0 6 NA 0.58 52.4 19.1 NA 381
Hastskar_454 0 4 56 1.52 114 24.9 2 382
Hastskar_455 0 4 55 0.59 61 20.2 1 383
Hastskar_456 0 3 56 1.19 72.4 21.2 NA 384
Hastskar_457 0 5 55 1.42 97 24.2 2 385
Hastskar_46 0 7 55 0.75 70 20.9 1 386
Hastskar_47 0 6 55 0.62 46.4 19 0 387
Hastskar_48 0 5 55 0.59 51.6 20.5 0 388
Hastskar_49 0 5 55 0.66 54.6 20.3 0 389
Hastskar_5 0 10 56 2.45 148 27.8 0 390
Hastskar_50 0 7 56 0.7 58.7 21.5 1 391
Hastskar_51 0 6 NA 0.53 54.8 20 NA 392
Hastskar_52 0 5 NA 0.68 57.4 21 0 393
Hastskar_54 0 6 55 1.32 72.1 22.9 0 394
Hastskar_55 0 6 55 1.12 101.4 23.9 1 395
Hastskar_56 0 8 NA 0.89 55.8 19.8 0 396
Hastskar_57 0 7 NA 0.66 57.1 19.6 0 397
Hastskar_58 0 7 NA 0.78 70.3 22 0 398
Hastskar_59 0 10 55 0.93 56.8 20.4 2 399
Hastskar_6 0 4 55 0.62 68.8 20.5 0 400
Hastskar_60 0 5 56 0.38 36.1 17.6 0 401
Hastskar_61 0 6 NA 0.97 62.2 20.6 0 402
Hastskar_62 0 6 NA 0.6 56.4 20.5 0 403
Hastskar_63 0 6 NA 1.33 73.3 21.3 1 404
Hastskar_64 0 7 55 0.66 52 19.2 0 405
Hastskar_65 0 9 NA 1.01 73 21 1 406
Hastskar_66 0 6 NA 0.56 57.4 21.6 0 407
Hastskar_67 0 7 56 0.79 70.1 21.4 1 408
Hastskar_68 0 6 NA 0.52 64 20.5 0 409
Hastskar_69 0 8 56 0.97 64.7 21 0 410
Hastskar_7 0 5 55 0.77 82.3 21.8 1 411
Hastskar_70 0 7 57 0.8 62.4 21.1 0 412
Hastskar_71 0 5 NA 1.27 66 20.5 0 413
Hastskar_72 0 5 NA 0.69 53.4 19.4 0 414
Hastskar_73 0 4 56 1.6 120.5 25.4 2 415
Hastskar_74 0 4 56 1.15 79.8 23.5 2 416
Hastskar_75 0 6 56 1.57 54.8 20.4 0 417
Hastskar_76 0 6 NA 0.54 65.2 21 0 418
Hastskar_77 0 6 NA 0.74 57.5 19.4 0 419
Hastskar_78 0 6 NA 0.51 49.7 20.1 0 420
Hastskar_79 0 6 54 0.56 60.5 21 0 421
Hastskar_8 0 6 55 0.78 72.9 22.8 0 422
Hastskar_80 0 5 56 0.55 50.9 20.9 1 423
Hastskar_81 0 5 57 1 58.5 20.8 NA 424
Hastskar_82 0 6 NA 0.89 52.7 19.8 0 425
Hastskar_83 0 7 NA 0.78 63.1 20.8 NA 426
Hastskar_84 0 7 NA 0.65 41 19.9 1 427
Hastskar_85 0 7 NA 0.83 62.4 20.3 0 428
Hastskar_87 0 6 55 0.68 58.5 20.2 1 429
Hastskar_88 0 6 56 0.47 47.8 19.5 0 430
Hastskar_89 0 5 55 0.96 66.5 21.4 NA 431
Hastskar_90 0 6 NA 1.2 54.8 20.4 2 432
Hastskar_91 0 5 NA 0.58 57.6 20.9 1 433
Hastskar_92 0 6 55 0.65 63 20.1 0 434
Hastskar_93 0 6 NA 0.51 51 19.2 0 435
Hastskar_94 0 4 56 0.73 59.4 19.9 NA 436
Hastskar_95 0 6 NA 0.93 59.6 20 0 437
Hastskar_96 0 6 NA 0.73 70.1 21.4 0 438
Hastskar_97 0 7 NA 0.8 74.2 22 0 439
Hastskar_98 0 6 NA 0.65 73.3 21.7 1 440
Hastskar_99 0 7 NA 0.46 60.4 20.2 0 441
Hastskar_501 1 5 55 0.72 41.8 20 0 442
Hastskar_502 1 6 55 1.33 50 19 0 443
Hastskar_503 1 6 56 1.09 85 23.5 0 444
Hastskar_504 1 8 55 1.02 67.6 21.5 0 445
Hastskar_505 1 6 56 0.82 64.6 21.6 0 446
Hastskar_506 1 6 56 0.55 70.9 20.8 0 447
Hastskar_507 1 7 56 1.35 97.5 23 0 448
Hastskar_508 1 4 57 1.01 77.5 22.5 0 449
Hastskar_509 1 5 55 0.95 61.2 20 0 450
Hastskar_510 1 6 54 0.42 47.6 19 0 451
Hastskar_511 1 4 55 2.24 120.7 26.6 2 452
Hastskar_512 1 6 55 0.68 58.9 21.3 0 453
Hastskar_513 1 7 55 0.93 60.2 20.8 0 454
Hastskar_514 1 8 55 0.75 58.5 20.1 0 455
Hastskar_515 1 4 55 1.98 103.5 24.1 NA 456
Hastskar_516 1 5 55 5.93 68.6 21 1 457
Hastskar_517 1 3 55 0.65 55.5 19.3 0 458
Hastskar_518 1 7 56 0.78 55.5 20 0 459
Hastskar_519 1 5 56 1.27 77.9 22.2 1 460
Hastskar_520 1 5 55 0.36 48.9 19.5 1 461
Hastskar_521 1 7 55 0.91 77.2 22.5 0 462
Hastskar_522 1 6 55 0.86 76.5 21.5 0 463
Hastskar_523 1 5 55 0.58 53.5 20 0 464
Hastskar_524 1 7 55 0.82 58.3 20.5 0 465
Hastskar_525 1 6 55 0.99 76.6 21.6 0 466
Hastskar_526 1 6 55 0.6 48.4 19.6 0 467
Hastskar_527 1 6 56 0.91 56.8 20.6 0 468
Hastskar_528 1 6 55 1.9 148.8 27.1 2 469
Hastskar_529 1 6 NA 0.78 57.6 20.3 1 470
Hastskar_530 1 5 56 0.83 54.4 20.1 0 471
Hastskar_531 1 4 56 0.9 73.2 22.4 0 472
Hastskar_532 1 5 55 0.68 51.4 19.4 0 473
Hastskar_533 1 6 55 1.52 57 21 0 474
Hastskar_534 1 5 56 0.69 54.1 20.1 0 475
Hastskar_535 1 6 55 0.89 61.8 21.1 0 476
Hastskar_536 1 4 55 2.31 102.3 25.5 1 477
Hastskar_537 1 7 55 0.78 63.3 21.3 NA 478
Hastskar_538 1 8 54 0.74 68.8 21.4 1 479
Hastskar_539 1 7 55 1.25 77.4 22 0 480
Hastskar_540 1 6 55 0.95 83.2 21.8 NA 481
Hastskar_541 1 6 55 0.51 66 20.5 NA 482
Hastskar_542 1 5 56 0.73 51 19.8 0 483
Hastskar_543 1 6 57 1 64.7 21 0 484
Hastskar_544 1 7 55 1.28 69.3 21.5 0 485
Hastskar_545 1 7 55 0.68 48.4 19.6 0 486
Hastskar_546 1 7 55 0.55 59.2 20.6 NA 487
Hastskar_547 1 7 55 0.89 57 20.9 0 488
Hastskar_548 1 6 55 0.98 76.8 21.6 0 489
Hastskar_549 1 6 55 1.12 63.2 21.5 NA 490
Hastskar_550 1 9 55 1.08 86.9 22.9 0 491
Hastskar_551 1 6 55 0.61 48.1 19.9 0 492
Hastskar_552 1 6 55 0.71 46.1 19.3 0 493
Hastskar_553 1 6 55 0.83 74.2 21.8 0 494
Hastskar_554 1 8 55 0.57 59 21 0 495
Hastskar_555 1 5 NA 1.13 60.1 21.2 0 496
Hastskar_556 1 6 56 0.89 70.1 21.4 0 497
Hastskar_557 1 5 55 0.6 62.3 20 0 498
Hastskar_558 1 5 56 0.58 52.1 19.9 0 499
Hastskar_559 1 6 56 0.61 53.4 20 0 500
Hastskar_560 1 8 56 0.57 52.6 19.3 1 501
Hastskar_561 1 8 56 1.3 77.4 22.9 1 502
Hastskar_562 1 7 56 0.78 70.3 21.9 0 503
Hastskar_563 1 6 55 0.66 60.1 20.6 0 504
Hastskar_564 1 4 55 1.48 108.1 24.2 1 505
Hastskar_565 1 8 56 1.31 63.5 20.7 0 506
Hastskar_566 1 6 55 0.58 51.4 19.8 0 507
Hastskar_567 1 4 55 0.64 49.2 19.1 NA 508
Hastskar_568 1 6 55 1.11 61.4 20.9 0 509
Hastskar_569 1 6 NA 0.7 55.9 20.5 0 510
Hastskar_570 1 7 55 0.73 58.4 21.4 0 511
Hastskar_571 1 5 56 0.76 62.6 20.8 0 512
Hastskar_572 1 7 56 0.57 70.8 21.5 0 513
Hastskar_573 1 8 55 0.75 67.2 20.9 NA 514
Hastskar_574 1 4 NA 1.53 95 24.3 NA 515
Hastskar_575 1 9 56 0.77 68.8 21 0 516
Hastskar_576 1 5 55 0.84 55 19.9 NA 517
Hastskar_577 1 7 56 0.74 56.5 20 1 518
Hastskar_578 1 9 55 0.8 55.8 19.8 0 519
Hastskar_579 1 7 56 1.33 68.4 22.2 0 520
Hastskar_580 1 6 55 1.55 59.8 21.7 1 521
Hastskar_581 1 7 56 1.37 60.2 21.4 1 522
Hastskar_582 1 6 55 5.94 57.8 20.4 0 523
Hastskar_583 1 6 56 0.75 55.7 19.8 0 524
Hastskar_584 1 6 55 1.2 60 19.9 2 525
Hastskar_585 1 6 NA 4.04 188.9 30.5 2 526
Hastskar_586 1 5 55 1.74 132 26.1 0 527
Hastskar_587 1 4 57 1.15 113.9 25.3 2 528
Hastskar_588 1 6 55 1.57 54.1 20 0 529
Hastskar_589 1 7 55 0.65 59.5 20.2 0 530
Hastskar_590 1 6 57 0.6 66.8 20 0 531
Hastskar_591 1 7 55 0.88 58.4 21.6 NA 532
Hastskar_592 1 5 56 0.72 43.8 18.6 0 533
Hastskar_593 1 4 55 1.84 105.5 25.2 0 534
Hastskar_594 1 7 53 0.86 47.2 18.9 0 535
Hastskar_595 1 6 56 0.73 54.3 20 NA 536
Hastskar_596 1 5 56 0.71 70.5 22.2 0 537
Hastskar_597 1 7 55 1.09 65.4 20.8 0 538
Hastskar_598 1 6 56 0.58 73.9 21.1 1 539
Hastskar_599 1 5 55 0.56 52.2 18.9 NA 540
Hastskar_600 1 8 55 2.03 71.3 21.3 NA 541
Hastskar_601 1 6 55 0.68 73.3 21.4 NA 542
Hastskar_602 1 4 55 1.09 74.4 22 0 543
Hastskar_603 1 7 56 0.52 72.1 21.7 0 544
Hastskar_604 1 7 55 0.74 60.6 19.6 0 545
Hastskar_605 1 6 56 0.52 60.5 20.2 0 546
Hastskar_606 1 7 55 0.68 61.3 21.1 0 547
Hastskar_607 1 5 55 0.62 53.1 19.5 0 548
Hastskar_608 1 9 NA 3.1 61.1 19.9 0 549
Hastskar_609 1 4 55 1.21 97.8 23.9 1 550
Hastskar_610 1 5 55 0.52 61.7 19.9 0 551
Hastskar_611 1 7 55 1.06 66.9 21.8 0 552
Hastskar_612 1 6 55 0.63 50.8 19.9 0 553
Hastskar_613 1 5 55 0.57 50.6 19.8 0 554
Hastskar_614 1 5 NA 0.39 42.6 18.4 1 555
Hastskar_615 1 7 56 1.32 86.8 23.6 2 556
Hastskar_616 1 6 NA 0.85 43.8 18.6 0 557
Hastskar_617 1 9 56 1.09 63.9 21.8 1 558
Hastskar_618 1 6 56 0.59 46.7 19.8 0 559
Hastskar_619 1 5 56 0.97 88.9 22.7 1 560
Hastskar_620 1 5 57 0.53 56.1 19.5 0 561
Hastskar_621 1 6 55 0.59 59 19.1 0 562
Hastskar_622 1 8 55 0.71 50.6 19.8 1 563
Hastskar_623 1 7 56 0.64 80.4 23.7 0 564
Hastskar_624 1 6 55 1.2 51.4 19.9 0 565
Hastskar_625 1 6 55 0.84 63.5 21.6 0 566
Hastskar_626 1 4 55 1.19 102.5 23.2 1 567
Hastskar_627 1 8 55 0.99 66.7 20.3 NA 568
Hastskar_628 1 4 55 1.43 98.9 24.1 2 569
Hastskar_629 1 4 55 1.37 101.2 24.6 0 570
Hastskar_630 1 6 55 1.37 85.5 22.9 0 571
Hastskar_631 1 7 55 0.7 68.3 21.4 NA 572
Hastskar_632 1 8 NA 1.33 58 19.6 0 573
Hastskar_633 1 7 55 0.67 54.7 19.3 0 574
Hastskar_634 1 7 56 0.7 66.4 21.3 0 575
Hastskar_636 1 6 55 0.56 67.6 20.8 0 576
Hastskar_637 1 5 55 0.65 61.8 21.2 0 577
Hastskar_638 1 7 55 0.59 71.4 21.8 1 578
Hastskar_639 1 6 55 1.37 97.8 24.6 1 579
Hastskar_640 1 5 55 0.66 55.7 19.7 0 580
Hastskar_641 1 8 56 0.82 82.7 22.7 NA 581
Hastskar_642 1 6 56 2.04 69.7 21.4 0 582
Hastskar_643 1 6 55 0.72 52.6 19.7 0 583
Hastskar_644 1 5 55 0.82 50.5 19.6 0 584
Hastskar_645 1 4 55 0.58 54.4 19.1 NA 585
Hastskar_646 1 9 55 0.8 73.3 21.4 0 586
Hastskar_647 1 8 56 1.43 71.3 20.7 0 587
Hastskar_648 1 6 56 0.78 69.8 22.1 0 588
Hastskar_649 1 6 56 0.98 73.7 21.9 0 589
Hastskar_650 1 7 55 0.72 61.8 20.1 1 590
Hastskar_651 1 5 56 0.91 78.6 21.9 0 591
Hastskar_652 1 4 55 0.61 64.3 21.2 0 592
Hastskar_653 1 6 56 1.54 106.9 24.6 1 593
Hastskar_654 1 8 55 0.91 88.8 24 1 594
Hastskar_655 1 6 56 1 58.9 20.9 1 595
Hastskar_656 1 8 56 1.38 65.7 21 1 596
Hastskar_657 1 6 55 0.58 69.5 21.5 0 597
Hastskar_658 1 7 56 0.86 66.2 21.1 0 598
Hastskar_659 1 5 55 0.71 55.2 19.9 1 599
Hastskar_660 1 6 55 0.61 49.8 19.3 0 600
Hastskar_661 1 7 56 1.26 70.3 21.9 0 601
Hastskar_662 1 7 55 1.29 68.9 21 NA 602
Hastskar_663 1 5 56 1.37 86.1 23.6 NA 603
Hastskar_664 1 7 55 0.63 65.3 20.1 2 604
Hastskar_665 1 7 56 0.62 64.6 20.7 0 605
Hastskar_666 1 4 57 1.13 113.1 25.4 1 606
Hastskar_667 1 7 55 0.59 47.7 18 NA 607
Hastskar_669 1 4 56 1.7 82.5 24.3 0 608
Hastskar_670 1 7 56 1.22 55.2 19.7 0 609
Hastskar_671 1 5 56 0.78 68.4 21.3 1 610
Hastskar_672 1 5 56 1.01 70.6 20.8 NA 611
Hastskar_673 1 5 55 0.84 56.5 20.3 1 612
Hastskar_674 1 6 55 0.64 52.2 20 1 613
Hastskar_675 1 7 55 0.59 53.6 19.7 0 614
Hastskar_676 1 6 NA 0.69 57 20.3 0 615
Hastskar_677 1 9 55 0.72 71.1 21 0 616
Hastskar_678 1 8 55 0.76 57.6 20 0 617
Hastskar_679 1 6 55 0.63 51.6 19 0 618
Hastskar_680 1 3 55 0.65 73.8 21.7 NA 619
Hastskar_681 1 8 56 1.13 60.2 20.4 0 620
Hastskar_682 1 6 56 0.6 83.3 22.2 1 621
Hastskar_683 1 9 57 0.69 61.7 21 0 622
Hastskar_684 1 8 56 0.95 85.4 21.5 0 623
Hastskar_685 1 6 56 1.51 59.4 20 0 624
Hastskar_686 1 9 56 0.71 47.1 20.2 0 625
Hastskar_687 1 6 56 0.82 68.3 21.5 0 626
Hastskar_688 1 5 55 1.29 69.3 20.7 0 627
Hastskar_689 1 7 56 1.1 56.3 19.9 0 628
Hastskar_690 1 7 55 0.84 78.4 22.8 0 629
Hastskar_691 1 10 NA 0.6 65.4 20.8 0 630
Hastskar_692 1 8 55 0.99 72.7 20.4 1 631
Hastskar_693 1 5 57 0.77 76 21.9 NA 632
Hastskar_694 1 6 56 0.68 50.5 19.5 1 633
Hastskar_695 1 5 55 0.46 38.6 18.2 0 634
Hastskar_696 1 6 55 1.21 88.3 22.5 1 635
Hastskar_697 1 5 55 0.91 53.4 19.6 0 636
Hastskar_698 1 7 55 0.69 55.3 20.5 0 637
Hastskar_699 1 8 55 0.6 64.1 20.4 0 638
Hastskar_700 1 8 55 1.37 79.1 21.6 0 639
Hastskar_701 1 5 55 0.71 66.2 20.6 0 640
Hastskar_702 1 4 56 0.9 71.6 22 0 641
Hastskar_703 1 7 56 0.8 55 20 1 642
Hastskar_704 1 5 55 0.68 51.6 19.4 0 643
Hastskar_705 1 5 55 0.88 43.6 19.1 0 644
Hastskar_706 1 7 55 0.58 54.7 20.6 0 645
Hastskar_707 1 7 55 1.21 60.7 20.5 1 646
Hastskar_708 1 4 55 0.4 31 16.9 NA 647
Hastskar_709 1 8 57 1.03 66.4 21.3 2 648
Hastskar_710 1 6 55 0.53 55.2 18.9 0 649
Hastskar_711 1 7 55 0.84 64.1 20.6 0 650
Hastskar_712 1 6 55 0.69 50.2 19.8 0 651
Hastskar_713 1 7 56 0.71 69.9 21.1 1 652
Hastskar_714 1 6 56 0.91 67.5 21.6 1 653
Hastskar_715 1 6 55 0.58 53.9 19 0 654
Hastskar_716 1 8 57 0.78 71.9 21.2 1 655
Hastskar_717 1 7 56 0.65 57.5 20.7 0 656
Hastskar_718 1 7 55 0.87 63.8 21.5 0 657
Hastskar_719 1 8 NA 1.01 66.2 21.2 1 658
Hastskar_720 1 5 55 0.78 54.9 20.4 0 659
Hastskar_721 1 5 55 0.68 68 21.6 0 660
Hastskar_722 1 4 55 1.45 108.5 24.9 2 661
Hastskar_723 1 5 56 0.93 60.5 19.6 0 662
Hastskar_724 1 6 55 0.59 65.1 19.9 1 663
Hastskar_725 1 5 55 0.69 59.7 20.9 0 664
Hastskar_726 1 6 55 0.72 64.8 20.9 0 665
Hastskar_727 1 5 56 0.56 61.3 21.1 1 666
Hastskar_728 1 5 55 0.56 65.4 21 1 667
Hastskar_729 1 6 55 0.66 58.9 20.2 2 668
Hastskar_730 1 4 56 1.65 102.6 29.5 0 669
Hastskar_731 1 8 56 0.61 56.3 20.3 0 670
Hastskar_732 1 6 55 0.74 62.1 20.8 0 671
Hastskar_733 1 5 NA 1.26 54.5 19.8 0 672
Hastskar_734 1 6 56 1.02 99.2 23.6 0 673
Hastskar_735 1 4 55 1.01 77.6 21.9 NA 674
Hastskar_736 1 6 56 0.69 59 21.2 0 675
Hastskar_737 1 6 55 0.44 48.2 18.8 1 676
Hastskar_738 1 5 55 0.62 66.4 20.2 0 677
Hastskar_739 1 7 57 0.59 60.1 20.5 0 678
Hastskar_741 1 7 56 0.72 57.7 21.4 0 679
Hastskar_742 1 7 57 1.99 62.6 20.6 0 680
Hastskar_743 1 8 55 1.38 64.7 20.8 NA 681
Hastskar_744 1 8 54 0.71 51.4 20.7 NA 682
Hastskar_745 1 6 54 0.75 64.2 20.6 0 683
Hastskar_746 1 7 56 0.75 64.5 20.6 0 684
Hastskar_747 1 7 56 0.64 60 20.2 0 685
Hastskar_748 1 7 55 1.01 64.4 21.3 1 686
Hastskar_749 1 5 55 1.25 66.5 21.4 0 687
Hastskar_750 1 8 55 0.79 59 20 0 688
Hastskar_751 1 4 57 1.02 71.1 22.2 0 689
Hastskar_752 1 6 55 1 56.4 20.7 0 690
Hastskar_753 1 7 55 1.12 64.8 20.6 0 691
Hastskar_754 1 6 56 0.84 73.7 21.9 1 692
Hastskar_755 1 6 55 0.96 65 20.3 0 693
Hastskar_756 1 7 55 0.99 69 20.5 0 694
Hastskar_757 1 6 NA 0.64 59.4 20.3 NA 695
Hastskar_758 1 8 56 0.87 74.8 21.2 NA 696
Hastskar_759 1 6 56 0.61 59.1 20.6 0 697
Hastskar_760 1 5 55 0.79 71.9 20.9 0 698
Hastskar_761 1 7 55 0.84 61.8 21.2 2 699
Hastskar_762 1 4 56 0.82 53.5 20 0 700
Hastskar_763 1 5 55 0.65 64.1 20.8 0 701
Hastskar_764 1 4 55 1.51 89.1 23.7 0 702
Hastskar_765 1 5 55 0.62 51.3 19.6 0 703
Hastskar_766 1 5 56 0.5 57.2 19.9 2 704
Hastskar_767 1 9 55 0.65 56.7 20.6 0 705
Hastskar_768 1 7 55 1.22 54.5 19.6 1 706
Hastskar_769 1 6 55 1.22 76.8 22.6 1 707
Hastskar_770 1 6 55 0.91 74.9 21.4 0 708
Hastskar_771 1 5 55 1.09 66 21.4 0 709
Hastskar_772 1 4 56 1.29 87 23.4 0 710
Hastskar_773 1 7 55 0.75 50 18.8 1 711
Hastskar_774 1 5 55 0.64 53.1 20.4 0 712
Hastskar_775 1 6 56 0.93 71.2 21.2 1 713
Hastskar_776 1 6 55 10.45 56.8 19.5 1 714
Hastskar_777 1 6 56 13.44 73.1 21.5 0 715
Hastskar_778 1 5 56 8.89 65.2 21.7 0 716
Hastskar_779 1 5 56 3.44 47.8 20 0 717
Hastskar_780 1 7 55 7.52 52.1 20 0 718
Hastskar_781 1 7 55 6.63 55.5 19.8 0 719
Hastskar_782 1 8 56 13.92 63 20.6 1 720
Hastskar_783 1 8 56 8.82 80.6 22.6 1 721
Hastskar_784 1 5 56 9.93 75.1 21.6 0 722
Hastskar_785 1 4 55 7.49 82.1 23.5 NA 723
Hastskar_786 1 5 55 0.39 43.9 20 0 724
Hastskar_787 1 6 56 9.34 63.4 20.7 NA 725
Hastskar_788 1 7 56 13.87 72.5 21.1 1 726
Hastskar_789 1 7 55 8.12 52.8 19.6 0 727
Hastskar_790 1 4 55 4.21 73 22.9 1 728
Hastskar_791 1 6 56 6.23 61.6 21.7 0 729
Hastskar_792 1 5 55 4.78 57.3 21.2 0 730
Hastskar_793 1 7 56 7.42 60.7 21.5 0 731
Hastskar_794 1 5 56 6.99 56 19.9 NA 732
Hastskar_795 1 7 55 NA 57.9 20.2 0 733
Hastskar_796 1 7 55 11.04 72.9 21.9 0 734
Hastskar_797 1 6 56 18.38 81.8 22 0 735
Hastskar_798 1 5 55 8.07 52.4 20 0 736
Hastskar_799 1 5 55 16.82 85.2 22.5 0 737
Hastskar_800 1 5 55 7.17 47.3 19.7 NA 738
Hastskar_801 1 8 56 0.64 50.9 18.2 0 739
Hastskar_802 1 6 55 0.52 48.4 19 NA 740
Hastskar_803 1 8 55 0.9 61.7 21 0 741
Hastskar_804 1 6 55 1.3 66.8 21.6 1 742
Hastskar_805 1 9 56 0.85 79.1 22.5 1 743
Hastskar_806 1 4 55 0.58 55 20 NA 744
Hastskar_807 1 6 55 0.85 52.7 19.9 0 745
Hastskar_808 1 5 55 0.55 45.4 18.9 2 746
Hastskar_809 1 6 56 0.58 54.7 19.6 0 747
Hastskar_810 1 7 55 0.89 46.5 19 0 748
Hastskar_811 1 6 56 0.89 68.7 21.2 0 749
Hastskar_812 1 8 56 0.59 54 21.1 0 750
Hastskar_813 1 5 54 0.48 49.6 19.4 NA 751
Hastskar_814 1 7 56 0.36 54.2 20.6 0 752
Hastskar_815 1 6 NA 0.57 62.8 21 0 753
Hastskar_816 1 7 55 0.88 65.1 20.1 NA 754
Hastskar_817 1 4 57 0.64 50.7 19.9 0 755
Hastskar_818 1 5 55 0.62 38.2 18.4 2 756
Hastskar_819 1 6 55 0.74 59.8 19.8 0 757
Hastskar_820 1 11 55 1.04 63.1 21.4 0 758
Hastskar_821 1 4 55 0.46 41.7 18.3 0 759
Hastskar_822 1 8 55 0.71 67.6 20.6 0 760
Hastskar_823 1 3 55 1.27 81.3 22.6 1 761
Hastskar_824 1 6 56 0.8 42 18.8 2 762
Hastskar_825 1 7 55 2.49 59 20.6 0 763
Hastskar_826 1 5 55 0.79 59.7 21.1 0 764
Hastskar_827 1 6 55 0.52 27.4 15.7 0 765
Hastskar_828 1 5 56 0.73 43.4 19.8 NA 766
Hastskar_829 1 5 55 0.83 57.5 20.2 0 767
Hastskar_830 1 6 55 0.89 60.1 20.1 1 768
Hastskar_831 1 7 55 0.52 51.4 19.7 0 769
Hastskar_832 1 8 55 0.95 61.9 21.8 1 770
Hastskar_833 1 4 55 0.66 61.6 20 1 771
Hastskar_834 1 5 55 0.74 60.7 20.9 0 772
Hastskar_835 1 8 55 0.62 53 19.6 0 773
Hastskar_836 1 5 56 0.96 84.3 22.2 0 774
Hastskar_837 1 5 NA 0.78 44.6 19.1 0 775
Hastskar_838 1 9 56 0.64 65.3 21.1 NA 776
Hastskar_839 1 9 55 0.5 50.1 20.4 0 777
Hastskar_840 1 5 56 0.65 58.9 20.5 NA 778
Hastskar_841 1 10 55 0.63 74.2 21.5 2 779
Hastskar_842 1 6 55 0.53 51.5 20.1 NA 780
Hastskar_843 1 7 57 0.97 57.7 19.7 0 781
Hastskar_844 1 6 56 0.61 61.3 20.4 1 782
Hastskar_845 1 7 NA 1.08 64.9 19.9 1 783
Hastskar_846 1 8 56 0.58 65.5 20.5 0 784
Hastskar_847 1 6 56 0.79 70.7 20.6 0 785
Hastskar_848 1 4 56 0.62 45.7 18.8 1 786
Hastskar_849 1 9 55 0.71 54.2 19.5 0 787
Hastskar_850 1 7 55 0.76 72.7 21.5 0 788
Hastskar_851 1 7 55 1.29 75.1 22.1 1 789
Hastskar_852 1 6 56 0.6 64.7 20.1 0 790
Hastskar_853 1 5 56 0.95 43.4 18.9 0 791
Hastskar_854 1 5 55 1 51.4 19.9 1 792
Hastskar_855 1 7 55 0.84 65.1 22.5 NA 793
Hastskar_856 1 6 55 0.59 51.9 19.9 0 794
Hastskar_857 1 7 55 0.59 48.1 19.7 0 795
Hastskar_858 1 4 55 0.88 68.1 21.4 1 796
Hastskar_859 1 6 55 0.87 71.1 20.7 0 797
Hastskar_860 1 6 55 0.85 73.5 21.7 0 798
Hastskar_861 1 6 55 0.69 67.3 21.1 0 799
Hastskar_862 1 5 55 0.76 65.5 20.3 0 800
Hastskar_863 1 6 55 0.63 50.9 19.5 0 801
Hastskar_864 1 6 55 0.61 51.1 19 0 802
Hastskar_865 1 5 55 0.74 62.1 21 2 803
Hastskar_866 1 7 56 0.57 49 19 0 804
Hastskar_867 1 5 55 0.75 66.4 20.7 0 805
Hastskar_868 1 6 56 0.64 50.3 19.7 0 806
Hastskar_869 1 5 56 0.43 32 17.6 0 807
Hastskar_870 1 4 55 1.58 89.5 23.4 2 808
Hastskar_871 1 6 56 1.03 57.4 21.4 1 809
Hastskar_872 1 7 55 1.12 69.1 21.7 0 810
Hastskar_874 1 5 57 0.67 62.3 20.4 2 811
Hastskar_875 1 7 56 0.47 47.7 19.3 0 812
Hastskar_876 1 5 55 0.89 78.4 22.3 NA 813
Hastskar_877 1 4 55 1.17 87.9 23.2 1 814
Hastskar_878 1 4 55 1.37 91.4 23.5 1 815
Hastskar_879 1 6 56 1.2 107.6 23.2 1 816
Hastskar_880 1 5 55 0.69 72.9 23.4 0 817
Hastskar_881 1 6 55 0.68 63.1 21 0 818
Hastskar_888 1 6 55 0.79 58.6 18.9 0 819
Hastskar_889 1 6 55 0.84 81.7 21.7 0 820
Hastskar_890 1 6 56 1.1 81 23.4 0 821
Hastskar_892 1 5 57 1.02 62.1 19.9 0 822
Hastskar_893 1 6 56 1.21 67.8 22 0 823
Hastskar_894 1 4 55 1.44 99.2 23.8 1 824
Hastskar_895 1 4 55 0.59 59.8 20.5 1 825
Hastskar_896 1 6 56 1.24 63.7 23.8 0 826
Hastskar_897 1 6 56 0.85 63.6 21.3 0 827
Hastskar_898 1 8 56 0.76 56.7 19.5 0 828
Hastskar_899 1 5 55 0.77 52.3 20 0 829
Hastskar_900 1 4 56 0.32 32.1 16.8 0 830
Hastskar_901 1 6 55 0.9 62.3 20.3 0 831
Hastskar_902 1 5 56 1.17 80.3 22.7 0 832
Hastskar_903 1 6 55 0.51 51 18.3 0 833
Hastskar_904 1 6 56 0.64 54.6 20.1 1 834
Hastskar_905 1 5 55 0.77 65.9 20.7 2 835
Hastskar_906 1 5 55 0.45 41.5 17.7 0 836
Hastskar_907 1 6 56 1.21 68.7 20.6 0 837
Hastskar_908 1 5 55 0.59 54.3 20.6 NA 838
Hastskar_909 1 6 55 0.57 70 20.1 1 839
Hastskar_910 1 7 55 1.03 70.7 20.6 NA 840
Hastskar_911 1 6 55 0.58 52.7 19.2 0 841
Hastskar_912 1 7 56 1.02 67.6 20.7 0 842
Hastskar_913 1 6 56 0.93 53.8 20.1 0 843
Hastskar_914 1 6 55 0.55 55.6 20.1 1 844
Hastskar_915 1 6 56 0.63 41 19.3 1 845
Hastskar_916 1 7 55 0.57 59.2 19.3 0 846
Hastskar_917 1 5 55 0.44 57.1 19.6 0 847
Hastskar_918 1 6 55 0.83 70.4 20.7 0 848
Hastskar_919 1 6 55 1.42 58.4 20 1 849
Hastskar_920 1 5 55 0.67 59.5 20.5 NA 850
Hastskar_921 1 6 NA 0.73 65.2 20.8 0 851
Hastskar_922 1 6 55 0.85 62 20.5 0 852
Hastskar_923 1 9 55 0.82 72.4 21.5 0 853
Hastskar_924 1 7 56 0.79 68.4 21.1 0 854
Hastskar_925 1 7 55 0.72 56.5 20.6 0 855
Hastskar_926 1 4 55 0.96 94 23.5 1 856
Hastskar_927 1 4 55 0.55 48.6 19.3 0 857
Hastskar_928 1 5 55 0.87 56 19.5 1 858
Hastskar_929 1 10 55 1.32 61.3 19.9 0 859
Hastskar_930 1 6 55 0.73 54.2 20 0 860
Hastskar_931 1 7 55 0.65 49.9 19.6 0 861
Hastskar_932 1 7 56 0.71 48 18.7 0 862
Hastskar_933 1 7 56 0.64 54.3 19.7 0 863
Hastskar_934 1 5 56 1.02 75.5 22.4 NA 864
Hastskar_935 1 9 NA 0.75 60.5 20.9 1 865
Hastskar_936 1 10 55 1.04 91.8 22.3 0 866
Hastskar_937 1 9 55 0.73 50.1 19.3 0 867
Hastskar_938 1 7 56 0.55 54.8 19.4 NA 868
Hastskar_939 1 7 56 0.66 51.1 19.9 0 869
Hastskar_940 1 6 NA 0.91 52.5 19.9 0 870
Hastskar_941 1 4 56 1.64 98.3 23.4 0 871
Hastskar_942 1 6 56 2 55.3 20.7 NA 872
Hastskar_943 1 7 57 0.58 78.2 21.8 0 873
Hastskar_944 1 6 56 1.05 71.9 21.7 NA 874
Hastskar_945 1 7 56 0.55 62 20.5 0 875
Hastskar_946 1 6 NA 0.38 45.5 19.2 0 876
Hastskar_948 1 7 55 0.84 69.9 21.2 1 877
Hastskar_949 1 5 55 0.94 81.4 22.6 0 878
Hastskar_950 1 6 55 1.37 55.3 19.9 NA 879
Hastskar_952 1 8 55 0.71 71.3 20.6 0 880
Hastskar_953 1 7 56 0.46 46.6 18 0 881
Hastskar_954 1 7 55 0.63 55.1 19.9 NA 882
Hastskar_955 1 6 56 0.77 65.1 20.2 0 883
Hastskar_956 1 7 56 0.49 51.7 18.4 0 884
Hastskar_957 1 8 56 0.92 84 21.8 1 885
Hastskar_958 1 7 55 0.61 55.9 19.4 NA 886
Hastskar_959 1 7 55 1.3 73.9 22.5 0 887
Hastskar_960 1 6 55 0.54 51.4 18.6 0 888
Hastskar_961 1 6 55 0.58 54.2 18.9 1 889
Hastskar_962 1 7 55 0.74 42.9 18.8 0 890
Hastskar_963 1 5 55 0.74 54.3 20.5 0 891
Hastskar_964 1 7 55 0.88 65.7 20.5 0 892
Hastskar_965 1 7 55 0.57 54.6 20.4 0 893
Hastskar_966 1 4 55 1.19 101.6 20.5 0 894
Hastskar_968 1 7 55 0.55 56 20 0 895
Hastskar_969 1 6 55 0.79 63.7 20.5 1 896
Hastskar_970 1 6 55 0.78 57.4 20.6 1 897
Hastskar_971 1 8 55 0.8 76.8 22.2 0 898
Hastskar_972 1 7 55 0.49 61.5 19.9 0 899
Hastskar_973 1 5 55 0.8 70.7 20.8 0 900
Hastskar_974 1 6 56 0.78 75.7 21.1 NA 901
Hastskar_975 1 8 55 0.52 55.2 19.6 0 902
Hastskar_976 1 7 55 0.69 52.5 19.7 0 903
Hastskar_977 1 8 55 0.52 58.4 19.6 1 904
Hastskar_978 1 7 55 0.73 59.2 20.5 0 905
Hastskar_979 1 6 55 0.82 53.5 19.4 0 906
Hastskar_980 1 7 NA 0.54 77.2 21.3 0 907
Hastskar_981 1 7 55 0.7 70.9 20.6 1 908
Hastskar_982 1 5 55 0.67 65.9 20.6 0 909
Hastskar_983 1 7 56 0.64 51.4 19.4 0 910
Hastskar_984 1 4 55 0.79 71.4 21.6 0 911
Hastskar_985 1 3 54 0.32 22.3 15.3 0 912
Hastskar_986 1 6 56 0.84 62.5 21.5 0 913
Hastskar_987 1 7 55 0.56 57.8 19.9 0 914
Hastskar_103 1 5 55 1.4 67.8 21.5 0 915
Hastskar_24 1 6 56 1.13 87.1 23.3 1 916
Hastskar_53 1 5 55 1.25 52.8 20 NA 917