sample_ID	sex	age	gonad_weight	MOD	LC	Diam.min	Diam.max	Diam.sd	SW	K	GSI	GSIs	Fec	Rfec	RfecS	RfecTL3
0	B	D	P	P	P	P	P	P	P	P	P	P	P	P	P	P
1707-1	1	5	5.36	1017	1068	909	1109	33.3	53.0	0.70	17.78	21.63	14.522	225	274	157
1707-10	1	7	6.77	984	1042	886	1083	37.2	56.0	0.69	20.55	25.87	19.998	284	357	196
1707-100	1	5	9.19	1050	1109	976	1154	32.8	48.2	0.73	28.96	40.77	22.945	338	476	248
1707-101	1	5	11.01	1064	1116	998	1172	32.0	33.4	0.84	41.34	70.46	26.549	466	794	393
1707-102	1	6	7.04	926	978	834	1016	31.6	41.8	0.80	26.48	36.01	24.280	427	580	343
1707-104	1	7	8.75	1077	1144	941	1163	43.4	47.1	0.72	28.46	39.78	20.452	311	434	224
1707-105	1	5	6.98	985	1044	899	1081	34.9	34.9	0.71	29.99	42.85	20.537	412	589	295
1707-106	1	6	6.08	1092	1151	969	1186	39.3	45.6	0.78	22.20	28.54	13.726	234	301	182
1707-107	1	7	7.15	980	1042	880	1112	35.4	62.7	0.74	19.62	24.40	21.341	274	340	203
1707-108	1	6	6.60	969	1013	871	1059	32.5	55.2	0.69	20.38	25.60	20.244	292	367	201
1707-109	1	5	4.16	1008	1059	907	1087	32.9	51.4	0.67	14.76	17.32	11.549	192	225	128
1707-11	1	10	6.36	1024	1082	936	1109	34.9	41.1	0.66	24.88	33.12	16.922	309	412	205
1707-110	1	6	5.01	1005	1069	915	1115	38.5	39.1	0.64	21.53	27.44	13.994	281	358	180
1707-111	1	5	5.23	1054	1101	983	1144	28.8	37.6	0.68	22.93	29.76	12.933	265	344	180
1707-112	1	5	2.76	1048	1103	960	1201	35.2	39.5	0.62	13.01	14.96	6.917	152	175	95
1707-113	1	7	6.07	1002	1069	916	1098	36.4	51.2	0.81	20.23	25.37	17.101	266	334	217
1707-114	1	4	4.77	912	969	836	1035	36.9	19.8	0.68	34.03	51.57	17.139	571	866	389
1707-115	1	5	8.81	1019	1081	897	1130	40.7	41.4	0.64	31.27	45.49	23.777	394	574	253
1707-116	1	7	4.90	1055	1117	954	1189	40.8	54.4	0.68	16.16	19.27	12.075	186	222	127
1707-117	1	4	2.40	832	876	579	1021	37.9	45.2	0.67	10.21	11.37	10.923	217	242	145
1707-118	1	4	6.35	939	993	862	1025	30.1	55.4	0.61	19.69	24.52	21.162	307	382	186
1707-119	1	7	8.55	925	982	851	1025	36.4	47.9	0.73	27.64	38.20	29.597	447	618	324
1707-12	1	4	NA	995	1061	657	1146	51.8	NA	0.67	NA	NA	NA	NA	NA	NA
1707-121	1	5	5.32	872	937	751	994	45.2	39.9	0.76	22.19	28.52	21.427	418	537	317
1707-122	1	5	7.27	1024	1086	942	1127	35.9	40.6	0.66	27.68	38.28	19.367	345	477	228
1707-123	1	7	4.02	984	1037	895	1089	36.2	61.8	0.62	12.22	13.92	11.868	169	192	104
1707-124	1	6	5.47	1005	1049	934	1136	29.5	72.4	0.74	13.92	16.17	15.273	182	211	134
1707-125	1	6	4.92	993	1033	921	1053	27.5	43.7	0.59	19.43	24.11	14.171	261	324	155
1707-126	1	7	NA	1011	1062	940	1128	34.0	NA	0.80	NA	NA	NA	NA	NA	NA
1707-127	1	6	5.39	1020	1091	899	1133	41.9	62.4	0.72	15.61	18.50	14.503	196	233	142
1707-128	1	6	14.05	1034	1118	884	1184	48.4	49.9	0.75	37.58	60.21	36.458	456	730	342
1707-129	1	4	7.07	868	916	735	1008	34.0	95.0	0.65	13.74	15.93	28.839	262	304	170
1707-13	1	7	6.89	1100	1189	965	1222	48.8	76.9	0.92	16.10	19.18	15.234	166	198	153
1707-130	1	5	9.61	1033	1083	959	1107	30.8	39.3	0.70	34.33	52.28	24.991	417	635	290
1707-131	1	4	4.43	986	1036	894	1092	33.0	43.2	0.71	17.99	21.93	13.020	247	301	176
1707-132	1	7	13.91	1023	1110	900	1174	48.2	64.9	0.84	31.43	45.84	37.105	392	571	330
1707-133	1	6	3.56	1017	1079	926	1117	38.0	47.5	0.65	13.83	16.04	9.649	175	203	114
1707-134	1	8	NA	1001	1081	861	1128	45.6	NA	0.77	NA	NA	NA	NA	NA	NA
1707-135	1	6	7.94	1124	1216	1015	1236	52.6	61.4	0.74	21.67	27.67	16.618	212	271	156
1707-136	1	6	NA	880	941	795	1021	37.8	NA	0.24	NA	NA	NA	NA	NA	NA
1707-137	1	5	5.34	1010	1065	946	1124	28.3	48.4	0.66	19.11	23.62	14.749	247	305	164
1707-138	1	7	9.93	991	1065	907	1077	39.4	27.9	0.66	43.19	76.03	28.805	585	1031	388
1707-139	1	6	12.85	915	965	806	995	32.2	37.0	0.72	42.63	74.32	45.780	710	1237	509
1707-14	1	7	6.50	1018	1076	948	1159	35.0	52.1	0.77	21.08	26.70	17.579	266	337	204
1707-140	1	5	8.04	999	1064	922	1090	35.2	39.4	0.81	30.40	43.68	22.803	403	579	327
1707-141	1	4	3.39	1023	1072	946	1102	27.4	40.4	0.62	15.21	17.94	9.059	190	224	118
1707-142	1	4	4.30	922	979	811	1017	37.9	52.8	0.71	14.84	17.43	15.006	242	284	172
1707-143	1	6	8.74	1069	1140	946	1224	45.4	52.4	0.78	26.31	35.70	20.807	293	397	228
1707-144	1	5	5.81	NA	NA	NA	NA	NA	40.6	0.68	23.46	30.65	NA	NA	NA	NA
1707-145	1	5	3.36	853	924	744	957	44.3	48.2	0.71	12.98	14.91	14.325	259	297	185
1707-146	1	4	NA	1023	1085	924	1130	36.6	NA	0.70	NA	NA	NA	NA	NA	NA
1707-147	1	5	1.78	1003	1056	922	1147	36.6	41.5	0.61	8.41	9.18	5.004	110	121	67
1707-148	1	5	NA	1007	1066	905	1140	33.7	NA	0.69	NA	NA	NA	NA	NA	NA
1707-149	1	6	5.81	1041	1102	960	1146	32.2	47.2	0.75	20.86	26.36	14.839	249	315	185
1707-15	1	6	2.74	1027	1099	893	1152	47.3	54.6	0.76	9.69	10.73	7.234	120	132	90
1707-150	1	6	3.45	1063	1129	973	1278	43.6	36.1	0.60	16.97	20.44	8.346	192	231	114
1707-151	1	6	6.70	974	1022	925	1058	26.1	50.3	0.65	22.20	28.53	20.302	314	404	204
1707-152	1	5	NA	1035	1095	922	1145	34.9	NA	0.71	NA	NA	NA	NA	NA	NA
1707-153	1	5	3.49	971	1034	866	1079	41.7	32.4	0.64	18.72	23.03	10.675	268	329	171
1707-154	1	7	3.44	997	1053	892	1097	35.5	41.7	0.64	14.99	17.64	9.805	200	235	128
1707-155	1	6	7.53	971	1024	903	1067	31.3	79.4	0.74	16.87	20.30	23.018	241	290	177
1707-156	1	4	NA	1000	1048	888	1126	35.5	NA	0.64	NA	NA	NA	NA	NA	NA
1707-157	1	7	12.80	1051	1115	950	1152	38.7	39.2	0.72	41.13	69.86	31.903	479	814	344
1707-158	1	8	8.36	1007	1061	940	1082	31.7	57.9	0.84	23.60	30.89	23.231	306	401	258
1707-159	1	8	NA	1128	1203	999	1244	47.2	NA	0.69	NA	NA	NA	NA	NA	NA
1707-16	1	5	5.69	1061	1116	983	1152	34.3	41.9	0.73	22.51	29.04	13.824	256	330	186
1707-160	1	5	13.70	891	934	804	979	32.7	42.3	0.72	40.95	69.34	52.202	729	1235	525
1707-161	1	6	NA	986	1036	903	1069	28.7	NA	0.74	NA	NA	NA	NA	NA	NA
1707-162	1	9	9.66	1022	1071	942	1116	29.7	65.9	0.88	23.87	31.36	25.853	299	392	264
1707-163	1	7	6.97	1065	1138	914	1186	50.8	51.4	0.77	22.50	29.03	16.759	253	326	195
1707-164	1	8	4.98	995	1041	919	1094	30.4	49.0	0.72	17.85	21.73	14.294	239	291	173
1707-165	1	6	6.29	1050	1120	951	1139	45.6	37.0	0.74	26.65	36.34	15.706	311	424	229
1707-166	1	9	4.35	989	1037	926	1093	28.0	51.2	0.64	15.39	18.18	12.662	209	247	135
1707-167	1	8	NA	1031	1080	953	1124	29.5	NA	0.65	NA	NA	NA	NA	NA	NA
1707-168	1	8	NA	1054	1132	977	1198	45.3	NA	0.79	NA	NA	NA	NA	NA	NA
1707-169	1	9	9.1	953	1017	843	1069	39.0	52.5	0.67	27.05	37.07	29.215	406	556	271
1707-17	1	6	4.50	999	1044	901	1069	30.3	47.6	0.68	16.84	20.24	12.777	223	269	153
1707-170	1	5	NA	1050	1116	934	1179	39.9	NA	0.70	NA	NA	NA	NA	NA	NA
1707-171	1	8	5.78	1059	1123	945	1165	38.4	53.8	0.75	18.68	22.98	14.107	213	262	159
1707-172	1	6	7.26	972	1031	849	1084	40.3	43.4	0.82	26.38	35.83	22.110	375	510	308
1707-173	1	7	5.15	1029	1073	945	1095	26.9	47.5	0.72	18.84	23.21	13.545	232	285	167
1707-174	1	6	11.88	1023	1084	899	1127	39.9	35.0	0.80	42.09	72.69	31.727	525	907	421
1707-175	1	6	9.52	972	1028	882	1065	34.3	30.2	0.57	40.26	67.40	28.985	573	959	327
1707-176	1	7	4.41	1006	1057	938	1072	28.0	78.3	0.73	10.76	12.06	12.304	140	157	102
1707-177	1	5	4.86	979	1041	908	1082	37.0	47.8	0.67	17.87	21.76	14.522	250	304	166
1707-178	1	4	9.6	1078	1132	961	1207	41.2	43.5	0.65	32.10	47.28	22.362	349	515	228
1707-179	1	6	5.81	1059	1121	977	1176	35.6	73.4	0.86	14.49	16.95	14.186	165	193	143
1707-18	1	5	3.72	984	1039	884	1070	34.5	45.3	0.67	14.94	17.56	10.978	206	242	137
1707-180	1	4	5.75	989	1048	910	1112	38.0	36.7	0.74	25.11	33.53	16.757	342	457	252
1707-181	1	5	10.29	1016	1068	870	1092	36.8	31.3	0.67	41.31	70.40	27.933	524	893	349
1707-182	1	7	16.35	1016	1065	931	1100	31.9	24.4	0.72	58.90	143.33	44.385	747	1818	538
1707-183	1	4	7.85	1060	1147	939	1177	53.7	49.5	0.79	25.34	33.94	19.113	288	386	228
1707-184	1	6	NA	962	1016	861	1044	31.1	NA	0.85	NA	NA	NA	NA	NA	NA
1707-185	1	6	5.33	911	971	811	1070	42.3	47.2	0.79	19.46	24.17	19.191	327	407	259
1707-186	1	6	4.44	1064	1143	912	1163	49.8	39.7	0.75	19.31	23.93	10.705	218	270	164
1707-187	1	4	4.94	1001	1043	910	1080	27.2	34.8	0.75	23.29	30.35	13.956	307	401	231
1707-188	1	6	4.25	914	962	836	990	31.1	55.0	0.65	14.19	16.53	15.198	237	276	155
1707-189	1	5	NA	1033	1092	956	1123	36.2	NA	0.65	NA	NA	NA	NA	NA	NA
1707-19	1	6	4.07	952	1008	833	1057	38.2	44.1	0.71	16.50	19.75	13.087	248	297	177
1707-190	1	6	11.68	989	1039	769	1155	39.8	35.2	0.68	41.52	71.00	34.044	566	967	384
1707-191	1	6	7.86	1057	1132	890	1189	55.8	42.3	0.67	28.46	39.78	19.268	326	456	217
1707-192	1	5	5.93	1065	1132	998	1168	35.5	63.3	0.68	16.70	20.04	14.275	188	225	127
1707-193	1	5	7.79	984	1026	900	1070	29.1	42.3	0.68	28.26	39.38	22.987	390	543	267
1707-194	1	5	6.6	918	973	845	1034	32.3	60.3	0.74	18.98	23.43	23.314	313	387	231
1707-195	1	6	NA	1025	1088	947	1135	34.1	NA	0.72	NA	NA	NA	NA	NA	NA
1707-196	1	6	NA	NA	NA	NA	NA	NA	NA	0.59	NA	NA	NA	NA	NA	NA
1707-197	1	6	7.74	1075	1145	986	1180	42.2	29.9	0.66	35.62	55.33	18.195	391	608	257
1707-198	1	8	NA	1082	1131	1007	1187	32.0	NA	0.78	NA	NA	NA	NA	NA	NA
1707-199	1	5	7.71	1019	1076	891	1108	37.6	38.5	0.66	30.00	42.85	20.789	378	540	249
1707-2	1	5	4.00	1084	1144	1014	1174	34.9	46.0	0.74	15.68	18.59	9.188	168	200	124
1707-20	1	8	3.73	982	1045	879	1106	40.0	38.8	0.63	17.06	20.56	11.068	236	285	149
1707-200	1	5	NA	857	913	760	956	34.4	NA	0.65	NA	NA	NA	NA	NA	NA
1707-201	1	8	5.18	993	1047	894	1076	32.9	44.8	0.68	19.83	24.74	14.926	267	333	181
1707-202	1	8	8.17	1006	1079	848	1191	46.1	54.3	0.71	24.35	32.19	22.769	317	419	226
1707-203	1	8	5.38	989	1063	848	1109	45.9	41.9	0.68	21.56	27.49	15.656	293	374	199
1707-204	1	5	7.12	996	1070	878	1095	43.6	47.5	0.74	24.30	32.10	20.344	324	429	240
1707-205	1	7	5.18	951	1031	796	1056	49.2	54.2	0.79	16.98	20.45	16.720	256	308	203
1707-206	1	9	11.20	1080	1151	970	1185	41.2	64.3	0.73	27.14	37.26	26.011	295	404	214
1707-207	1	6	7.30	1027	1102	916	1158	41.2	61.7	0.74	20.21	25.33	19.273	249	312	183
1707-208	1	6	15.95	985	1046	875	1069	36.7	65.5	0.83	19.59	24.37	21.962	270	336	224
1707-209	1	9	NA	979	1036	913	1082	32.5	NA	0.66	NA	NA	NA	NA	NA	NA
1707-21	1	4	5.14	987	1036	929	1074	30.5	84.0	0.69	11.58	13.09	15.041	158	179	109
1707-211	1	6	7.58	997	1079	824	1115	54.1	63.6	0.77	20.33	25.51	21.617	271	340	209
1707-212	1	5	4.58	993	1049	905	1070	31.6	67.3	0.70	12.71	14.56	13.189	171	196	121
1707-213	1	9	6.10	1015	1068	913	1108	36.3	43.8	0.69	22.94	29.77	16.628	292	379	202
1707-214	1	9	6.08	968	1025	862	1048	36.0	38.8	0.72	25.12	33.54	18.741	362	483	261
1707-215	1	8	9.44	938	998	869	1026	33.8	31.4	0.71	39.15	64.34	31.552	611	1005	432
1707-216	1	8	7.34	993	1045	921	1081	32.3	48.0	0.78	24.66	32.73	21.176	332	441	261
1707-217	1	8	11.93	1020	1093	870	1152	47.8	46.8	0.73	35.31	54.59	32.126	444	687	323
1707-218	1	7	7.00	992	1044	915	1071	32.3	42.1	0.69	26.23	35.57	20.218	354	480	245
1707-219	1	7	4.44	1017	1063	966	1101	24.4	41.9	0.61	18.49	22.68	12.027	234	287	144
1707-22	1	4	9.74	1011	1101	885	1171	52.7	80.1	0.73	20.66	26.04	26.821	266	335	194
1707-220	1	6	6.30	1026	1084	927	1134	38.4	54.0	0.66	19.97	24.96	16.691	247	309	163
1707-221	1	8	3.56	980	1035	903	1073	32.0	36.5	0.60	17.28	20.88	10.619	241	291	145
1707-222	1	7	8.22	1012	1075	926	1102	36.2	47.3	0.73	27.10	37.18	22.580	348	477	255
1707-223	1	4	6.58	1057	1120	970	1163	40.8	48.5	0.70	22.49	29.02	16.145	258	333	179
1707-224	1	4	7.36	1003	1068	915	1098	35.2	45.0	0.66	25.91	34.96	20.685	340	459	223
1707-225	1	6	5.39	1080	1128	968	1207	33.6	41.5	0.69	21.76	27.82	12.521	236	302	164
1707-226	1	6	6.02	1069	1125	976	1154	33.4	40.7	0.70	24.04	31.64	14.332	267	352	187
1707-227	1	6	4.94	903	984	770	1029	50.5	50.5	0.75	17.30	20.92	18.204	298	360	224
1707-228	1	5	5.03	1011	1074	914	1120	39.6	41.1	0.61	20.74	26.17	13.838	267	336	163
1707-229	1	7	NA	985	1040	918	1065	32.9	NA	0.66	NA	NA	NA	NA	NA	NA
1707-23	1	8	7.68	1068	1177	916	1298	61.5	52.0	0.79	24.03	31.63	18.322	268	353	213
1707-231	1	7	4.30	1005	1062	936	1096	32.4	38.7	0.64	19.21	23.78	12.021	251	311	160
1707-232	1	8	8.32	936	996	800	1018	38.3	51.6	0.73	25.66	34.51	27.935	403	541	293
1707-233	1	6	5.01	901	962	787	1156	44.9	38.3	0.70	21.88	28.01	18.566	379	485	266
1707-234	1	7	NA	1032	1079	959	1104	25.4	NA	0.61	NA	NA	NA	NA	NA	NA
1707-235	1	7	8.30	959	1019	859	1049	37.3	57.7	0.80	23.53	30.76	26.162	347	453	278
1707-236	1	7	8.87	1091	1155	966	1228	46.6	54.6	0.72	25.79	34.75	20.038	272	367	196
1707-237	1	5	NA	1054	1108	984	1156	32.7	NA	0.66	NA	NA	NA	NA	NA	NA
1707-238	1	6	6.56	1034	1084	888	1108	39.4	44.8	0.78	23.87	31.36	17.052	290	381	226
1707-239	1	6	5.71	971	1041	878	1092	35.6	49.7	0.72	19.74	24.60	17.425	281	351	202
1707-240	1	7	6.90	1039	1108	951	1137	38.9	38.9	0.81	27.50	37.93	17.697	330	455	266
1707-241	1	8	5.32	1026	1085	954	1110	30.2	44.0	0.75	20.55	25.87	14.086	254	320	190
1707-242	1	7	5.70	797	851	711	887	33.6	42.7	0.72	22.22	28.57	28.979	528	679	379
1707-243	1	8	5.54	1030	1103	928	1141	41.3	42.2	0.63	21.91	28.06	14.549	269	344	169
1707-244	1	9	NA	949	1007	877	1025	33.5	NA	0.60	NA	NA	NA	NA	NA	NA
1707-245	1	9	5.89	1011	1072	940	1109	38.3	69.8	0.72	15.30	18.06	16.196	197	232	142
1707-246	1	8	7.33	987	1036	885	1077	31.5	50.1	0.65	23.84	31.30	21.440	326	428	213
1707-248	1	5	7.92	1032	1088	935	1134	35.8	41.1	0.66	29.22	41.29	20.688	357	504	237
1707-249	1	8	1.27	984	1039	913	1062	30.6	58.5	0.71	4.44	4.65	3.752	61	64	44
1707-25	1	5	5.93	1027	1081	907	1213	40.0	36.2	0.71	25.95	35.05	15.681	321	433	229
1707-250	1	8	3.76	NA	NA	NA	NA	NA	38.6	0.74	17.27	20.87	NA	NA	NA	NA
1707-251	1	6	6.42	NA	NA	NA	NA	NA	53.5	0.78	20.44	25.70	NA	NA	NA	NA
1707-252	1	5	8.89	1026	1119	878	1167	54.9	70.0	0.73	21.38	27.19	23.562	265	337	194
1707-253	1	7	9.74	1043	1123	927	1184	47.3	62.2	0.88	25.11	33.53	24.742	298	398	263
1707-254	1	6	3.22	839	889	763	928	34.6	42.9	0.80	13.84	16.06	14.348	288	334	230
1707-255	1	7	4.35	908	960	822	995	33.8	47.3	0.67	16.45	19.68	15.826	280	335	186
1707-256	1	6	6.43	908	941	846	965	23.4	47.2	0.75	22.56	29.13	23.371	383	495	288
1707-257	1	9	21.68	1020	1080	918	1143	38.6	NA	0.82	19.94	24.90	58.326	251	313	206
1707-258	1	6	4.74	882	938	790	972	34.6	42.5	0.72	19.28	23.89	18.569	353	437	254
1707-259	1	6	7.39	957	1015	869	1043	37.6	53.4	0.82	22.85	29.62	23.432	339	439	276
1707-26	1	6	5.47	977	1033	877	1089	38.0	53.0	0.81	18.09	22.09	16.434	254	310	205
1707-260	1	5	4.49	998	1034	909	1147	28.0	45.2	0.66	17.53	21.26	12.771	233	283	155
1707-261	1	5	2.72	1013	1084	914	1135	41.1	40.2	0.67	12.65	14.49	7.444	162	185	109
1707-264	1	7	NA	988	1053	667	1246	57.2	NA	0.67	NA	NA	NA	NA	NA	NA
1707-265	1	7	4.75	1034	1099	945	1186	41.5	46.6	0.68	17.90	21.80	12.327	217	264	147
1707-266	1	6	8.81	1049	1122	976	1210	41.5	59.1	0.76	24.17	31.88	22.063	283	373	216
1707-267	1	6	5.93	984	1064	827	1090	51.5	56.2	0.80	18.42	22.58	17.489	254	311	203
1707-268	1	5	3.41	1003	1058	906	1130	40.2	48.0	0.75	13.20	15.20	9.581	173	200	129
1707-269	1	6	7.89	946	1006	830	1104	42.4	56.4	0.75	23.03	29.93	25.757	351	457	263
1707-27	1	5	2.72	1040	1124	959	1146	40.7	42.0	0.70	12.18	13.87	6.960	146	166	101
1707-270	1	6	3.26	1000	1061	912	1124	36.1	39.6	0.64	14.97	17.61	9.236	198	233	127
1707-271	1	6	6.76	871	938	690	976	47.0	31.7	0.63	31.31	45.59	27.312	591	861	374
1707-272	1	6	NA	1030	1092	910	1130	41.7	NA	0.70	NA	NA	NA	NA	NA	NA
1707-273	1	6	4.39	976	1027	901	1059	30.5	43.7	0.62	17.69	21.50	13.246	249	303	154
1707-274	1	5	6.61	902	958	823	977	35.6	49.3	0.65	22.31	28.72	24.420	385	496	249
1707-275	1	5	6.15	976	1026	893	1051	33.5	41.9	0.65	23.89	31.38	18.534	336	442	218
1707-276	1	5	7.09	1031	1075	962	1121	31.3	45.2	0.69	25.12	33.55	18.565	307	410	212
1707-277	1	5	6.20	1019	1076	928	1105	34.3	50.9	0.67	20.67	26.05	16.704	260	328	175
1707-278	1	5	7.02	1001	1058	927	1116	35.4	45.1	1.00	25.00	33.33	19.804	330	439	329
1707-279	1	6	7.82	975	1019	888	1056	31.6	50.4	0.77	24.94	33.23	23.613	352	469	270
1707-28	1	4	5.09	927	978	848	1051	30.5	82.7	0.65	11.64	13.17	17.513	187	212	122
1707-280	1	5	2.57	912	969	809	984	32.6	26.3	0.61	17.29	20.91	9.236	290	351	178
1707-281	1	7	5.66	997	1065	908	1109	41.5	67.3	0.70	15.25	18.00	16.145	203	240	142
1707-282	1	7	16.9	1046	1107	925	1155	40.6	32.3	0.70	52.80	111.85	42.564	621	1316	434
1707-283	1	6	5.91	1008	1068	903	1101	35.1	39.0	0.76	24.51	32.47	16.399	318	421	243
1707-284	1	5	4.81	1017	1075	952	1105	32.8	42.6	0.70	19.46	24.16	13.040	247	306	173
1707-285	1	6	5.88	815	882	747	922	34.7	60.7	0.75	17.17	20.72	28.218	385	465	288
1707-286	1	6	3.50	1034	1101	919	1124	37.4	54.1	0.65	12.16	13.84	9.087	148	168	95
1707-287	1	6	8.65	944	999	872	1056	33.0	40.5	0.67	17.62	21.38	13.279	270	328	182
1707-288	1	8	8.64	940	996	860	1026	31.5	60.4	0.70	23.43	30.61	28.716	364	475	255
1707-289	1	7	7.58	1043	1120	951	1166	39.3	50.1	0.72	24.47	32.39	19.266	291	385	208
1707-29	1	4	4.41	982	1028	906	1083	31.6	56.3	0.69	14.36	16.77	13.077	199	232	137
1707-290	1	6	13.19	1050	1120	940	1177	42.6	38.1	0.67	42.57	74.14	32.895	496	864	331
1707-291	1	7	NA	1036	1105	969	1136	35.9	NA	0.72	NA	NA	NA	NA	NA	NA
1707-292	1	6	10.82	970	1043	838	1058	45.3	31.1	0.69	42.64	74.34	33.101	610	1063	420
1707-293	1	5	2.65	978	1033	866	1077	34.0	33.6	0.69	14.43	16.86	7.953	202	236	139
1707-294	1	7	9.62	1071	1150	953	1191	52.2	53.2	0.77	27.90	38.69	22.829	309	429	240
1707-295	1	6	8.00	1061	1138	949	1175	47.3	29.9	0.66	36.43	57.30	19.446	414	651	275
1707-296	1	8	6.09	1045	1109	953	1229	41.2	57.4	0.82	18.51	22.72	15.392	219	268	179
1707-297	1	6	4.91	988	1044	911	1124	36.8	39.1	0.70	21.18	26.88	14.327	289	366	202
1707-298	1	6	6.41	1109	1170	1026	1211	36.0	45.1	0.67	23.33	30.43	13.896	236	308	159
1707-299	1	8	11.29	1026	1097	936	1130	38.5	31.8	0.76	43.14	75.88	29.909	534	939	403
1707-3	1	3	2.11	1003	1074	924	1153	41.5	41.7	0.60	9.77	10.83	5.932	128	142	76
1707-30	1	5	10.35	999	1088	879	1149	54.1	52.7	0.75	29.61	42.07	29.355	392	558	295
1707-300	1	5	4.59	1031	1084	957	1153	34.6	58.7	0.68	14.34	16.74	12.005	175	205	119
1707-301	1	5	5.71	966	1040	868	1069	41.2	54.5	0.66	18.32	22.43	17.661	265	324	175
1707-302	1	7	1.41	1102	1192	951	1227	47.3	51.4	0.60	5.55	5.87	3.107	57	60	34
1707-303	1	7	5.55	874	919	771	1117	38.4	55.1	0.76	17.73	21.55	22.255	332	404	251
1707-304	1	6	10.67	1009	1092	911	1119	41.1	47.1	0.85	32.67	48.51	29.529	422	627	358
1707-305	1	5	5.41	1021	1105	862	1164	55.4	41.2	0.67	21.93	28.09	14.505	275	352	184
1707-306	1	6	11	1025	1099	945	1194	44.3	56.5	0.82	29.43	41.69	29.226	365	518	298
1707-307	1	6	4.78	935	991	875	1006	31.8	46.1	0.68	18.17	22.20	16.082	286	349	195
1707-308	1	5	6.8	1067	1147	970	1243	44.2	56.9	0.71	20.35	25.55	16.290	228	286	162
1707-309	1	9	7.16	945	996	881	1038	31.5	61.4	0.71	19.98	24.96	23.462	306	382	217
1707-31	1	7	4.65	1024	1087	911	1156	38.9	49.2	0.69	16.81	20.21	12.389	209	252	144
1707-310	1	8	7.77	982	1025	898	1059	27.9	49.5	0.76	25.16	33.61	23.070	349	466	264
1707-311	1	6	4.69	1021	1091	945	1182	40.4	46.9	0.72	17.64	21.42	12.598	221	269	160
1707-312	1	6	6.38	905	959	807	984	35.1	45.5	0.74	23.06	29.98	23.362	395	513	292
1707-313	1	5	1.86	725	784	450	850	45.7	36.2	0.68	9.90	10.99	12.094	301	334	204
1707-314	1	6	6.95	1059	1134	928	1173	44.9	48.1	0.81	23.61	30.90	16.954	269	352	218
1707-315	1	7	3.45	875	936	782	1049	39.7	33.3	0.76	18.14	22.16	13.782	339	414	257
1707-316	1	6	4.63	1028	1092	947	1151	40.0	39.8	0.64	19.94	24.90	12.210	246	307	157
1707-317	1	5	4.07	892	935	796	968	28.7	50.1	0.63	14.81	17.39	15.497	264	309	167
1707-318	1	6	4.28	1018	1086	902	1165	42.6	53.7	0.67	14.56	17.04	11.569	184	215	123
1707-319	1	8	4.47	900	964	793	1008	42.7	45.8	0.71	17.27	20.87	16.627	300	363	214
1707-32	1	8	7.42	1030	1088	936	1147	38.9	69.5	0.66	18.59	22.84	19.457	228	280	150
1707-320	1	5	8.86	1022	1102	884	1117	46.4	110.7	0.70	14.62	17.12	23.697	183	214	129
1707-321	1	4	4.01	988	1058	891	1077	39.5	55.9	0.68	13.30	15.35	11.706	181	209	123
1707-322	1	7	3.44	1017	1074	927	1108	32.3	49.5	0.64	12.94	14.86	9.314	164	188	105
1707-323	1	8	7.82	1060	1140	952	1174	47.7	49.0	0.76	25.47	34.18	19.029	290	389	221
1707-324	1	5	5.08	1126	1207	1011	1254	45.2	56.3	0.74	16.18	19.30	10.583	157	188	116
1707-325	1	8	7.23	941	992	862	1043	31.3	71.1	0.72	17.87	21.75	23.943	276	337	199
1707-326	1	9	7.08	987	1043	894	1059	31.8	49.3	0.76	23.49	30.70	20.730	321	420	244
1707-327	1	8	3.23	1014	1075	922	1110	38.5	36.9	0.63	15.78	18.74	8.824	201	239	127
1707-328	1	7	5.87	1074	1128	967	1155	35.6	57.1	0.69	18.02	21.98	13.818	198	242	137
1707-329	1	9	6.3	995	1041	910	1061	31.5	69.3	0.75	16.28	19.45	18.054	218	260	163
1707-33	1	6	7.34	981	1034	896	1058	34.7	51.8	0.75	23.27	30.33	21.865	324	422	243
1707-330	1	8	5.16	1027	1096	935	1130	40.3	44.0	0.67	20.08	25.12	13.620	248	310	165
1707-331	1	6	1.3	956	1016	841	1112	39.3	50.6	0.73	5.21	5.50	4.139	78	82	57
1707-332	1	9	5.86	1012	1077	922	1111	42.8	56.1	0.70	18.28	22.37	16.078	234	287	164
1707-333	1	4	4.5	1046	1103	963	1156	35.6	44.4	0.69	17.83	21.70	11.332	210	255	144
1707-334	1	8	6.76	1030	1093	926	1149	39.1	58.0	0.74	19.95	24.93	17.713	244	305	181
1707-335	1	6	4.68	899	961	791	979	39.6	50.3	0.71	16.61	19.92	17.467	290	347	206
1707-336	1	6	11.09	976	1044	892	1099	39.5	51.1	0.77	31.73	46.47	33.430	447	655	346
1707-337	1	4	6.46	916	969	833	1045	32.3	69.1	0.73	16.68	20.01	22.935	277	332	201
1707-338	1	5	4.34	874	917	789	964	31.9	55.8	0.67	14.27	16.64	17.412	267	312	180
1707-339	1	6	4.94	1059	1098	1005	1116	23.5	43.3	0.74	19.61	24.40	12.053	224	278	165
1707-340	1	7	3.38	995	1043	931	1065	30.0	51.0	0.67	12.43	14.19	9.686	166	190	111
1707-342	1	7	3.78	1081	1144	1002	1242	40.6	56.0	0.69	12.62	14.44	8.741	136	156	94
1707-343	1	6	6.59	1039	1114	912	1146	47.9	42.8	0.67	24.78	32.95	16.898	297	395	199
1707-344	1	6	3.48	1042	1106	934	1222	38.8	40.0	0.67	15.71	18.64	8.854	187	222	125
1707-345	1	6	8.98	899	942	837	1026	27.8	84.7	0.69	18.50	22.69	33.429	322	395	222
1707-346	1	7	6.06	1012	1076	918	1121	36.4	55.0	0.78	19.07	23.57	16.619	244	302	190
1707-347	1	7	5.04	978	1049	877	1095	42.0	36.7	0.63	22.71	29.38	15.132	319	412	201
1707-348	1	9	4.31	1036	1102	931	1179	43.1	54.7	0.69	14.43	16.87	11.126	174	203	120
1707-349	1	6	6.17	1052	1121	957	1187	40.1	58.8	0.77	18.34	22.46	15.306	213	260	163
1707-35	1	6	5.32	1121	1192	1026	1225	41.7	41.5	0.66	21.52	27.42	11.209	212	270	140
1707-350	1	6	9.2	846	899	699	930	37.7	53.4	0.69	14.70	17.23	18.747	299	351	205
1707-351	1	6	5.93	1008	1095	899	1184	52.1	53.5	0.71	19.17	23.72	16.442	248	307	178
1707-352	1	6	5.04	988	1039	909	1127	36.6	40.9	0.73	20.86	26.36	14.704	284	359	208
1707-353	1	5	6.11	1016	1064	930	1092	29.8	40.3	0.71	24.49	32.43	16.587	311	411	220
1707-354	1	5	5.09	991	1043	893	1117	37.9	44.5	0.72	19.66	24.47	14.769	267	332	193
1707-355	1	5	7.31	1078	1149	974	1193	46.0	56.1	0.77	21.82	27.91	17.031	238	304	184
1707-357	1	10	5.52	1038	1089	942	1116	36.0	46.7	0.61	20.19	25.30	14.198	243	304	147
1707-358	1	5	5.01	1020	1101	865	1151	48.3	42.4	0.63	20.19	25.30	13.491	254	318	159
1707-359	1	7	4.09	1034	1092	925	1143	39.7	45.1	0.63	16.24	19.39	10.621	197	235	123
1707-36	1	6	5.43	960	1015	853	1049	38.3	52.5	0.68	18.13	22.14	17.067	266	325	182
1707-360	1	8	3.74	1008	1065	906	1085	35.1	46.0	0.72	14.82	17.40	10.382	192	226	138
1707-361	1	5	4.86	939	995	860	1046	41.2	44.1	0.63	9.92	11.01	7.568	154	171	97
1707-363	1	7	3.01	1084	1168	992	1252	48.6	55.5	0.66	10.41	11.61	6.912	112	125	74
1707-364	1	7	7.32	918	970	844	998	29.4	44.4	0.72	26.06	35.25	25.828	430	581	309
1707-365	1	7	7.83	1010	1056	903	1086	30.2	45.6	0.69	26.85	36.71	21.616	346	474	240
1707-366	1	6	9.28	1016	1076	926	1106	36.8	37.2	0.78	34.78	53.33	25.188	441	676	345
1707-367	1	8	7.65	1033	1087	939	1155	35.2	39.7	0.82	29.18	41.21	19.932	355	502	291
1707-368	1	7	10.98	1056	1135	948	1219	52.0	54.4	0.81	30.16	43.19	27.017	347	497	280
1707-37	1	6	6.90	1030	1089	904	1129	35.1	40.9	0.74	26.51	36.07	18.091	325	442	240
1707-370	1	5	3.59	1043	1096	970	1141	36.5	42.9	0.67	15.18	17.90	9.126	180	213	121
1707-371	1	6	3.87	1044	1101	940	1140	37.2	45.9	0.56	15.28	18.04	9.793	181	213	101
1707-372	1	6	5.35	925	997	804	1033	42.2	49.4	0.81	18.83	23.20	18.511	304	375	246
1707-373	1	8	6.83	1020	1087	913	1145	42.8	58.1	0.74	20.10	25.16	18.351	252	316	187
1707-374	1	4	6.63	1015	1068	872	1122	37.5	37.8	0.83	27.29	37.52	18.068	347	478	290
1707-375	1	5	3.54	1067	1114	973	1142	30.3	44.9	0.68	14.43	16.86	8.472	161	189	109
1707-376	1	5	5.35	1097	1166	1000	1221	40.8	52.8	0.70	17.83	21.70	11.934	186	226	131
1707-377	1	6	5.41	992	1050	876	1085	34.2	55.5	0.65	17.25	20.85	15.650	233	282	151
1707-378	1	6	7.91	1106	1172	1004	1222	44.6	55.0	0.80	23.54	30.79	17.280	240	314	192
1707-379	1	4	3.69	NA	NA	NA	NA	NA	68.5	0.64	10.34	11.53	NA	NA	NA	NA
1707-38	1	5	6.38	988	1054	907	1082	39.0	43.1	0.67	24.04	31.64	18.622	328	432	219
1707-380	1	5	6.49	1069	1132	941	1173	44.3	50.0	0.67	21.73	27.77	15.462	242	309	162
1707-381	1	6	5.43	848	901	763	956	33.2	49.2	0.72	19.11	23.63	23.548	387	479	277
1707-382	1	7	4.32	999	1070	897	1134	42.3	44.3	0.63	17.28	20.89	12.270	229	277	145
1707-383	1	8	4.77	1011	1062	904	1091	34.2	63.3	0.70	13.89	16.13	13.132	179	207	125
1707-385	1	6	9.84	1092	1162	998	1180	38.9	65.7	0.75	24.26	32.03	22.178	256	337	192
1707-386	1	6	4.53	942	990	850	1009	33.1	50.3	0.70	16.16	19.27	14.948	249	297	174
1707-387	1	5	6.62	1001	1071	882	1105	42.4	35.0	0.74	28.79	40.44	18.713	380	534	282
1707-388	1	6	NA	NA	NA	NA	NA	NA	NA	0.59	NA	NA	NA	NA	NA	NA
1707-389	1	8	10.89	1034	1078	946	1130	28.2	48.4	0.80	32.50	48.15	28.250	394	584	314
1707-39	1	5	3.50	912	956	843	989	27.4	38.1	0.68	16.43	19.65	12.561	275	330	186
1707-390	1	5	3.70	1030	1080	949	1102	30.3	43.5	0.63	15.40	18.21	9.717	189	223	120
1707-391	1	6	9.32	1006	1063	921	1087	34.3	45.4	0.82	30.54	43.97	26.008	398	573	325
1707-392	1	6	4.78	988	1068	891	1116	44.3	46.6	0.67	18.01	21.96	13.966	246	300	165
1707-393	1	6	5.55	981	1041	896	1076	34.3	43.8	0.74	21.32	27.10	16.498	296	376	219
1707-394	1	6	5.42	990	1048	844	1072	38.0	50.0	0.78	18.83	23.20	15.761	256	315	200
1707-395	1	5	NA	1031	1087	917	1124	37.0	NA	0.63	NA	NA	NA	NA	NA	NA
1707-396	1	6	4.68	933	986	841	1059	33.9	41.4	0.61	19.48	24.20	15.866	309	383	187
1707-397	1	5	9.29	1017	1095	903	1156	46.8	53.6	0.81	27.05	37.08	25.177	343	470	276
1707-398	1	8	6.14	998	1062	900	1104	40.0	45.7	0.77	22.35	28.78	17.461	297	382	228
1707-399	1	7	3.83	1056	1117	929	1177	40.7	55.1	0.67	12.95	14.87	9.424	149	171	100
1707-4	1	5	5.99	991	1040	912	1110	30.7	47.0	0.75	21.44	27.28	17.339	290	369	217
1707-40	1	4	6.00	1018	1098	904	1143	46.5	85.7	0.67	13.04	14.99	16.206	165	189	110
1707-400	1	6	9.49	1024	1082	944	1117	34.1	74.5	0.81	21.42	27.26	25.274	267	339	216
1707-401	1	7	6.23	1035	1115	943	1157	43.5	45.2	0.81	22.79	29.52	16.143	276	357	225
1707-402	1	6	2.34	1035	1092	927	1212	42.3	46.5	0.69	9.72	10.77	6.057	118	130	82
1707-403	1	5	2.64	1031	1086	915	1107	32.4	61.0	0.70	8.48	9.27	6.908	104	113	72
1707-404	1	4	4.52	1008	1040	940	1062	23.7	42.1	0.63	18.67	22.96	12.543	242	298	152
1707-405	1	6	9.64	1048	1110	898	1152	42.7	66.2	0.86	23.77	31.18	24.162	278	365	240
1707-406	1	5	5.15	1030	1086	966	1127	32.9	37.4	0.75	22.77	29.48	13.494	279	361	210
1707-407	1	6	6.31	913	962	833	1009	29.1	44.2	0.71	23.40	30.55	22.611	392	512	278
1707-408	1	6	5.72	983	1036	900	1055	31.5	46.5	0.73	20.85	26.35	16.924	288	364	212
1707-409	1	5	5.55	985	1033	914	1076	30.6	52.5	0.78	18.44	22.61	16.340	254	311	198
1707-41	1	7	6.75	1039	1117	924	1203	47.4	52.9	0.78	21.46	27.33	17.290	257	327	201
1707-410	1	6	26.27	1013	1089	909	1212	45.8	68.7	0.82	27.65	38.22	33.600	354	489	291
1707-411	1	8	4.86	1037	1105	929	1146	42.3	54.3	0.73	16.07	19.15	12.527	194	231	141
1707-412	1	8	4.67	1049	1107	924	1133	36.8	48.3	0.69	17.14	20.69	11.695	201	242	138
1707-413	1	7	8.57	1070	1135	942	1211	45.2	47.1	0.72	28.04	38.97	20.365	311	433	223
1707-414	1	8	3.32	982	1041	843	1080	37.1	43.6	0.71	14.01	16.30	9.848	194	226	137
1707-415	1	7	5.59	1024	1079	940	1146	34.2	39.1	0.70	23.41	30.57	14.880	291	380	204
1707-416	1	6	5.08	935	985	859	1012	31.1	43.0	0.75	20.17	25.26	17.120	318	398	238
1707-417	1	9	5.91	1042	1103	934	1152	37.6	40.1	0.77	24.00	31.58	15.028	285	375	219
1707-418	1	6	6.88	1062	1146	979	1203	43.7	41.8	0.72	26.06	35.24	16.686	295	399	212
1707-419	1	5	8.24	1054	1116	966	1256	41.3	35.7	0.76	33.08	49.44	20.345	382	570	292
1707-42	1	4	8.08	1003	1048	943	1091	29.1	56.0	0.79	23.59	30.87	22.688	310	405	245
1707-420	1	5	2.66	963	1018	871	1066	34.7	42.4	0.65	11.83	13.42	8.291	172	196	112
1707-421	1	5	3.85	802	861	645	921	46.4	50.1	0.74	14.13	16.46	19.291	331	385	245
1707-422	1	6	7.00	884	937	771	961	32.9	44.3	0.80	25.26	33.80	27.239	459	615	367
1707-423	1	3	10.17	1050	1125	958	1181	44.9	86.0	0.72	20.19	25.30	25.381	235	295	168
1707-424	1	7	4.08	1079	1152	895	1215	47.5	52.9	0.66	14.17	16.51	9.480	154	179	101
1707-425	1	5	2.39	743	800	650	827	33.1	50.7	0.68	9.17	10.09	14.588	261	288	177
1707-426	1	9	6.49	1006	1067	907	1119	38.6	45.6	0.76	23.34	30.45	18.116	304	397	230
1707-427	1	5	4.63	995	1047	920	1132	33.5	49.0	0.68	16.82	20.22	13.294	226	271	154
1707-428	1	4	5.14	967	1067	847	1169	55.7	46.2	0.67	19.23	23.81	15.886	278	344	187
1707-429	1	5	6.41	794	844	642	867	37.3	87.1	0.65	13.61	15.75	32.956	327	378	213
1707-430	1	7	5.52	979	1020	907	1067	27.7	60.0	0.73	16.45	19.69	16.519	230	275	169
1707-431	1	4	5.74	1061	1136	961	1192	46.9	33.8	0.74	26.65	36.32	13.958	303	413	224
1707-432	1	4	6.86	1040	1132	933	1194	44.6	45.0	0.72	24.59	32.61	17.563	294	390	213
1707-433	1	5	7.34	1029	1095	913	1184	44.0	48.3	0.80	24.54	32.53	19.311	302	400	241
1707-434	1	7	5.50	1037	1075	942	1118	28.6	55.4	0.62	17.51	21.23	14.168	211	256	131
1707-435	1	6	2.09	1076	1170	942	1217	55.1	51.4	0.61	8.00	8.70	4.896	88	95	54
1707-436	1	8	NA	957	1023	816	1061	38.9	NA	0.69	NA	NA	NA	NA	NA	NA
1707-437	1	6	13.74	976	1045	876	1071	37.9	66.6	0.82	17.11	20.64	19.341	241	291	197
1707-438	1	7	4.26	895	947	817	1011	34.5	42.8	0.66	17.57	21.31	16.085	310	376	204
1707-439	1	5	5.39	1049	1106	940	1136	37.8	40.7	0.77	22.10	28.36	13.484	258	332	200
1707-44	1	6	6.15	1062	1129	950	1160	38.4	44.3	0.73	22.89	29.68	14.921	260	337	189
1707-440	1	5	2.84	996	1040	911	1117	29.2	52.3	0.68	10.41	11.62	8.135	139	155	94
1707-441	1	5	5.26	974	1031	847	1066	34.1	48.1	0.75	18.95	23.38	15.950	269	331	202
1707-442	1	8	NA	946	988	879	998	26.0	NA	0.61	NA	NA	NA	NA	NA	NA
1707-443	1	5	4.74	1024	1080	943	1130	35.8	44.5	0.66	18.58	22.82	12.628	231	284	153
1707-444	1	6	1.80	1007	1082	913	1110	41.9	30.4	0.62	11.23	12.65	5.011	146	165	90
1707-445	1	6	6.33	1052	1115	943	1140	40.2	48.5	0.73	21.85	27.96	15.702	253	324	185
1707-446	1	6	6.40	1092	1140	1013	1161	28.7	56.1	0.74	19.62	24.41	14.424	207	257	154
1707-447	1	7	9.89	1009	1073	925	1179	40.8	56.4	0.80	27.27	37.50	27.394	353	485	283
1707-448	1	5	10.90	991	1047	893	1083	36.6	40.3	0.73	21.29	27.05	14.764	288	366	212
1707-449	1	4	2.98	979	1057	857	1124	46.2	62.0	0.67	9.32	10.28	8.912	130	144	87
1707-45	1	5	6.64	1043	1101	949	1124	33.9	44.1	0.73	24.37	32.23	16.855	289	382	211
1707-450	1	5	10.67	1077	1161	964	1191	47.2	61.9	0.85	26.96	36.91	24.910	294	403	251
1707-451	1	6	8.37	987	1045	882	1111	38.5	51.0	0.71	26.00	35.13	24.527	356	481	254
1707-452	1	6	7.09	1086	1165	934	1213	51.3	56.0	0.68	21.31	27.08	16.202	228	289	154
1707-453	1	6	5.25	993	1048	869	1085	38.4	41.2	0.75	21.44	27.29	15.148	289	368	217
1707-454	1	4	NA	1028	1093	931	1135	39.3	NA	0.74	NA	NA	NA	NA	NA	NA
1707-455	1	4	5.76	894	951	764	970	33.3	48.7	0.74	20.21	25.32	21.780	357	447	264
1707-456	1	3	4.78	974	1034	881	1135	39.3	62.2	0.76	14.13	16.45	14.504	200	233	152
1707-457	1	5	9.79	928	981	852	1019	31.6	76.0	0.68	21.60	27.55	33.601	346	442	237
1707-46	1	7	7.64	1027	1083	946	1108	34.9	53.7	0.77	23.36	30.47	20.200	289	377	221
1707-47	1	6	2.50	1042	1091	946	1125	33.7	41.1	0.68	11.53	13.03	6.358	137	155	93
1707-48	1	5	1.96	1019	1074	929	1127	37.5	47.4	0.60	8.13	8.85	5.285	102	111	61
1707-49	1	5	3.49	1030	1087	954	1157	34.0	47.1	0.65	13.68	15.85	9.155	168	194	109
1707-5	1	10	12.56	988	1039	900	1050	29.6	121.1	0.69	18.16	22.19	36.700	248	303	171
1707-50	1	7	2.15	1034	1074	963	1092	27.4	54.1	0.59	7.84	8.50	5.586	95	103	56
1707-51	1	6	3.06	949	997	865	1205	41.0	48.3	0.69	11.95	13.57	9.924	181	206	124
1707-52	1	5	2.81	985	1048	897	1074	35.7	51.4	0.62	10.48	11.70	8.277	144	161	89
1707-54	1	6	6.01	1015	1081	895	1163	41.1	59.2	0.60	17.84	21.71	16.382	227	277	136
1707-55	1	6	9.31	969	1029	874	1058	39.3	81.5	0.74	19.65	24.45	28.613	282	351	210
1707-56	1	8	3.46	1026	1078	952	1104	31.0	48.4	0.72	13.27	15.30	9.178	164	190	118
1707-57	1	7	5.23	1046	1097	961	1156	33.9	45.9	0.76	19.60	24.38	13.189	231	287	175
1707-58	1	7	NA	1009	1067	866	1246	41.6	NA	0.66	NA	NA	NA	NA	NA	NA
1707-59	1	10	3.44	1021	1085	930	1122	40.7	49.4	0.67	12.96	14.89	9.222	162	187	109
1707-6	1	4	7.03	1085	1148	989	1195	41.2	53.8	0.80	21.87	27.99	16.123	234	300	187
1707-60	1	5	3.17	939	997	842	1050	32.9	29.3	0.66	18.79	23.14	10.557	292	360	194
1707-61	1	6	6.52	1021	1088	864	1149	44.4	48.2	0.71	22.43	28.92	17.494	281	363	200
1707-62	1	6	4.19	1038	1098	954	1133	38.8	47.4	0.65	15.90	18.90	10.764	191	227	125
1707-63	1	6	7.28	1060	1121	980	1192	37.0	57.7	0.76	21.25	26.99	17.745	242	307	184
1707-64	1	7	5.57	1021	1078	936	1119	33.7	40.1	0.73	22.92	29.74	14.951	288	373	211
1707-65	1	9	7.82	1077	1143	955	1205	42.5	56.3	0.79	22.92	29.74	18.282	250	325	197
1707-66	1	6	4.13	1105	1177	1009	1214	43.7	48.6	0.57	15.40	18.20	9.033	157	186	90
1707-67	1	7	5.35	1076	1134	983	1202	36.9	58.7	0.72	16.33	19.52	12.537	179	214	128
1707-68	1	6	NA	1083	1138	971	1185	33.4	NA	0.74	NA	NA	NA	NA	NA	NA
1707-69	1	8	5.43	1081	1149	985	1169	37.3	53.1	0.70	17.96	21.89	12.577	194	237	136
1707-7	1	5	7.87	1077	1133	968	1166	37.3	65.5	0.79	20.46	25.73	18.374	223	281	177
1707-70	1	7	4.61	964	1016	881	1031	32.2	52.5	0.66	15.81	18.78	14.358	230	273	153
1707-71	1	5	5.44	1011	1084	879	1115	41.6	54.4	0.77	17.64	21.42	14.965	227	275	174
1707-72	1	5	4.60	1101	1177	990	1253	48.6	43.6	0.73	18.43	22.60	10.168	190	233	139
1707-73	1	4	8.05	981	1034	895	1073	32.5	103.3	0.74	14.30	16.68	23.968	199	232	146
1707-74	1	4	4.74	1015	1071	924	1189	39.3	69.7	0.61	12.71	14.56	12.909	162	185	99
1707-75	1	6	NA	NA	NA	NA	NA	NA	NA	0.65	NA	NA	NA	NA	NA	NA
1707-76	1	6	6.10	1084	1137	1006	1260	35.7	52.1	0.70	20.02	25.03	14.010	215	269	151
1707-77	1	6	5.79	1036	1101	924	1122	41.6	45.1	0.79	21.55	27.47	14.972	260	332	205
1707-78	1	6	3.22	1035	1092	966	1143	32.9	42.8	0.61	13.86	16.10	8.343	168	195	103
1707-79	1	6	7.33	1026	1071	950	1096	31.8	44.8	0.65	25.93	35.00	19.432	321	434	210
1707-8	1	6	6.47	1059	1121	932	1204	41.5	59.1	0.62	18.99	23.45	15.796	217	267	133
1707-80	1	5	2.26	984	1046	865	1093	40.4	46.1	0.56	9.50	10.50	6.671	131	145	73
1707-81	1	5	4.92	971	1043	860	1052	39.3	48.0	0.65	18.00	21.95	15.041	257	314	167
1707-82	1	6	4.31	1007	1058	920	1114	35.2	43.5	0.68	17.50	21.21	11.993	228	276	154
1707-83	1	7	5.58	1013	1064	920	1104	31.6	51.2	0.70	18.92	23.34	15.288	242	299	170
1707-84	1	7	2.52	981	1040	892	1064	32.5	35.6	0.52	13.15	15.15	7.505	183	211	95
1707-85	1	7	4.50	928	984	844	1029	35.0	52.8	0.75	15.43	18.25	15.456	248	293	185
1707-87	1	6	5.41	1023	1074	941	1099	31.6	46.9	0.71	19.79	24.67	14.458	247	308	175
1707-88	1	6	3.72	1027	1090	944	1115	39.2	39.8	0.64	16.65	19.98	9.839	206	247	133
1707-89	1	5	7.19	932	983	804	1016	32.7	51.1	0.68	23.14	30.10	24.441	368	478	249
1707-90	1	6	5.13	1016	1065	926	1183	35.7	43.8	0.65	20.03	25.05	13.954	255	318	164
1707-91	1	5	3.02	907	995	640	1051	50.2	51.1	0.63	11.22	12.64	10.989	191	215	120
1707-92	1	6	3.29	1057	1113	981	1153	34.4	56.0	0.78	11.18	12.58	8.072	128	144	99
1707-93	1	6	3.79	1073	1112	994	1160	28.6	42.9	0.72	15.90	18.91	8.953	176	209	126
1707-94	1	4	4.04	983	1035	903	1062	33.3	50.8	0.75	14.55	17.03	11.958	201	236	152
1707-95	1	6	7.68	1123	1213	1018	1238	43.9	43.2	0.75	27.58	38.08	16.115	270	373	201
1707-96	1	6	7.23	1070	1148	929	1255	51.6	54.6	0.72	22.07	28.32	17.182	245	315	175
1707-97	1	7	5.63	1099	1177	1023	1254	41.1	62.2	0.70	16.24	19.39	12.480	168	201	117
1707-98	1	6	6.84	977	1029	885	1088	35.7	58.7	0.72	19.97	24.95	20.560	280	350	201
1707-99	1	7	4.62	968	1049	850	1141	47.4	50.5	0.73	16.37	19.57	14.220	235	282	173