pos	chr	cM
100000	12	0.962125610277294
200000	12	0.972039773970377
300000	12	1.02904816679665
400000	12	1.08525413862834
500000	12	1.14900089471716
600000	12	1.19268637146732
700000	12	1.33891402639848
800000	12	1.50049981144621
900000	12	1.71382467835026
1000000	12	1.86491152170519
1100000	12	1.95785038339272
1200000	12	2.13586670181765
1300000	12	2.36728021924115
1400000	12	2.92252380189681
1500000	12	3.33180773456125
1600000	12	3.43430702008071
1700000	12	3.58017046302349
1800000	12	3.73274392269908
1900000	12	3.90051451681543
2000000	12	3.9885286641668
2100000	12	3.99806360796545
2200000	12	4.01070102020943
2300000	12	4.07136606846592
2400000	12	4.13799069561694
2500000	12	4.24519334041477
2600000	12	4.3531725798675
2700000	12	4.58289228164847
2800000	12	4.75287320751865
2900000	12	4.8965866986776
3000000	12	5.00041197338728
3100000	12	5.48884217422248
3200000	12	5.78982023833467
3300000	12	5.965148546877
3400000	12	6.27524586608958
3500000	12	6.42860525107629
3600000	12	6.5174942768041
3700000	12	6.60580548319345
3800000	12	6.6949747892873
3900000	12	6.7757371396444
4000000	12	6.86338816219199
4100000	12	6.97837718600556
4200000	12	7.11674499659906
4300000	12	7.44045797588566
4400000	12	7.66175695804657
4500000	12	7.82034952402809
4600000	12	7.92187490210415
4700000	12	7.99139038991547
4800000	12	8.06528413307171
4900000	12	8.20062549511
5000000	12	8.30031047922713
5100000	12	8.3838867939059
5200000	12	8.51909106677311
5300000	12	8.69279552318245
5400000	12	8.90659601135329
5500000	12	9.14936600468272
5600000	12	9.23775761417584
5700000	12	9.39267036890906
5800000	12	9.53121036011801
5900000	12	9.6782691694733
6000000	12	9.74912561718646
6100000	12	9.84416014737045
6200000	12	9.93915875190589
6300000	12	10.2290247755309
6400000	12	10.2611871581243
6500000	12	10.3527155508912
6600000	12	10.4180594593353
6700000	12	10.5871392964059
6800000	12	10.7383832881918
6900000	12	11.0936335715617
7000000	12	11.3271950132353
7100000	12	11.7097183914452
7200000	12	11.7970352882238
7300000	12	11.8580765254652
7400000	12	11.9008555938346
7500000	12	11.992274865315
7700000	12	12.079681450016
7800000	12	12.1706619255367
7900000	12	12.2584479060045
8000000	12	12.331834352608
8200000	12	12.4118819498369
8300000	12	12.4941290082362
8400000	12	12.5685932009886
8500000	12	12.6526100781199
8600000	12	12.7333149062633
8700000	12	12.7994847539473
8800000	12	12.8693990430179
8900000	12	12.9519229527088
9000000	12	13.0380304617439
9100000	12	13.1068685353671
9300000	12	13.1626752803885
9400000	12	13.2153052367534
9500000	12	13.3036667577936
9600000	12	13.3867843758389
9700000	12	13.4474268358081
9800000	12	13.4817669128639
9900000	12	13.5782382975843
10100000	12	13.6408049515461
10300000	12	13.7569094779392
10400000	12	13.8875042001666
10500000	12	14.2190201319402
10600000	12	14.3469233147953
10700000	12	14.3941271204827
10800000	12	14.4383953158457
10900000	12	14.4749508171853
11000000	12	14.5143315367368
11100000	12	14.5509017279361
11200000	12	14.5786843225409
11300000	12	14.6176702384094
11400000	12	14.6755151474853
11500000	12	14.7553834576309
11600000	12	14.8320274132642
11700000	12	15.0202709462793
11800000	12	15.1485257081252
11900000	12	15.1934053000787
12000000	12	15.2912383843374
12100000	12	15.3623766066035
12200000	12	15.5144687888361
12300000	12	15.5473120351831
12400000	12	15.6129199384632
12500000	12	15.6812726717097
12600000	12	15.811669933342
12700000	12	15.8558635106469
12800000	12	15.9292821684081
12900000	12	15.9634411093414
13000000	12	16.0071360193967
13100000	12	16.0886907686446
13200000	12	16.1229891140297
13300000	12	16.2058055728119
13400000	12	16.240018645827
13500000	12	16.2644189806835
13600000	12	16.3056535052642
13700000	12	16.339637736846
13800000	12	16.362084546353
13900000	12	16.4361473369548
14000000	12	16.6751832702239
14100000	12	16.9030169796106
14200000	12	16.9306629244824
14300000	12	16.9569731229857
14400000	12	16.9843273335477
14500000	12	17.014221050791
14600000	12	17.0499008815031
14700000	12	17.0930448004786
14800000	12	17.2060923157558
14900000	12	17.243982423644
15000000	12	17.288780308552
15100000	12	17.3557916569284
15200000	12	17.4091694684005
15300000	12	17.4185418270682
15400000	12	17.4205871294437
15500000	12	17.4219994498314
15600000	12	17.4229779057755
15700000	12	17.4255959380671
15800000	12	17.4275593228552
15900000	12	17.537079433656
16000000	12	17.6469168297897
16100000	12	17.9569581785637
16200000	12	18.3019294785164
16300000	12	18.4001504340176
16400000	12	18.4290451619492
16500000	12	18.4792937413947
16600000	12	18.5277101785105
16700000	12	18.5739017043336
16800000	12	18.8310168343261
16900000	12	19.2151454276348
17000000	12	19.5943683241319
17200000	12	19.6362627174214
17300000	12	19.674533969409
17400000	12	19.7325603504256
17500000	12	19.8019460256764
17600000	12	19.8482280044814
17700000	12	19.9053938069738
17800000	12	19.9641418754043
17900000	12	20.2422279980797
18000000	12	20.5139066928919
18100000	12	20.789933340364
18200000	12	21.0614267901853
18300000	12	21.3423555980843
18400000	12	21.6030732607481
18500000	12	21.8765254974261
18600000	12	22.1616670017323
18700000	12	22.4262869714933
18800000	12	22.7010334660412
18900000	12	22.9486742986842
19000000	12	23.1939952887649
19100000	12	23.4622067234735
19200000	12	23.7406319678201
19300000	12	24.0425013232516
19400000	12	24.2870685468349
19500000	12	24.5592324518918
19600000	12	24.8276843038547
19700000	12	25.0960931312761
19800000	12	25.3603179971766
19900000	12	25.6239990158539
20000000	12	25.9323936682166
20100000	12	26.1729469257456
20200000	12	26.3984608524891
20300000	12	26.5471369454207
20400000	12	26.7658411811429
20500000	12	26.9591340114977
20600000	12	27.1652910684816
20700000	12	27.4901281023486
20800000	12	27.7604010654322
20900000	12	27.9446032214539
21000000	12	28.1464556964316
21100000	12	28.3383609797377
21200000	12	28.520157077176
21300000	12	28.7210746127278
21400000	12	28.9229637049958
21500000	12	29.1274264196911
21600000	12	29.328121078418
21700000	12	29.5313630393138
21800000	12	29.7477228175267
21900000	12	29.9373658520568
22000000	12	30.336747575106
22100000	12	30.545766600346
22200000	12	30.7562756937056
22300000	12	30.9348108947013
22400000	12	31.1363718087167
22500000	12	31.3251510786259
22600000	12	31.4228531192174
22700000	12	31.4984604440908
22800000	12	31.5726321566053
22900000	12	31.6758727982085
23000000	12	31.7686865671442
23100000	12	31.9133529167067
23200000	12	31.9885137817216
23300000	12	32.0666721082991
23400000	12	32.1486596370397
23500000	12	32.2161296318419
23600000	12	32.3347016761067
23700000	12	32.3722819484256
23800000	12	32.3929042930004
23900000	12	32.4028564672698
24000000	12	32.4505797656916
24100000	12	32.9073981846172
24200000	12	33.8810795533402
24300000	12	33.9255769406187
24400000	12	33.9760674092665
24500000	12	34.0288910544388
24600000	12	34.0869742565104
24700000	12	34.1356848565481
24800000	12	34.2172717402343
24900000	12	34.2876950850671
25000000	12	34.3224833062192
25100000	12	34.416598701893
25200000	12	34.4393189269164
25300000	12	34.5045145082259
25400000	12	34.5645042446053
25500000	12	34.8482021035257
25600000	12	35.1429617598551
25700000	12	35.9678542068614
25800000	12	37.1999522688998
25900000	12	38.6515262918549
26000000	12	39.7490950250376
26100000	12	41.0431638032507
26200000	12	42.3276224207088
26300000	12	43.6225660371906
26400000	12	44.9305721252816
26500000	12	46.2197109809666
26600000	12	47.5154055353236
26700000	12	48.8233935300213
26800000	12	50.0969989520983
26900000	12	51.4309046666085
27000000	12	52.6939057064986
27100000	12	53.9791244851778
27200000	12	55.2757895297516
27300000	12	56.5731316235614
27400000	12	57.901930317202
27500000	12	59.1549658772176
27600000	12	60.456468243966
27700000	12	61.7497861915172
27800000	12	62.6930795058398
27900000	12	63.3842597982597
28000000	12	64.1141067397131
28100000	12	64.951377722878
28200000	12	65.7810067873001
28300000	12	66.6164001122463
28400000	12	67.4338890265401
28500000	12	68.2749010786343
28600000	12	69.1081677538676
28700000	12	69.9765624802694
28800000	12	70.7536055842936
28900000	12	71.6849580204424
29000000	12	72.4505508916835
29100000	12	73.2512346325741
29200000	12	74.0705013612382
29300000	12	75.1079719007193
29400000	12	75.9455143914134
29500000	12	77.1799145739824
29600000	12	78.1061294851634
29700000	12	78.5707242447831
29800000	12	79.0374326344125
29900000	12	79.4996725687927
30000000	12	79.916
