pos	chr	cM
100000	2	0.822875349069235
200000	2	1.65555932380412
300000	2	2.00695026206398
400000	2	2.12798920600436
500000	2	2.2567984837192
600000	2	2.46410165971236
700000	2	2.78339137843201
800000	2	3.14006752498418
900000	2	3.47302560881817
1000000	2	3.8275651510652
1100000	2	4.14296304105731
1200000	2	4.42323666785198
1300000	2	4.71328084895455
1400000	2	5.03256394505457
1500000	2	5.4635331292138
1600000	2	5.72663526534807
1700000	2	6.07388139184392
1800000	2	6.4321798311684
1900000	2	6.77058727256786
2000000	2	7.11895504249337
2100000	2	7.49387788469876
2200000	2	7.83672714576486
2300000	2	8.16102696468333
2400000	2	8.50491031834664
2500000	2	8.62957048392493
2600000	2	8.74710206897263
2700000	2	9.13129553002347
2800000	2	9.60281158631213
2900000	2	10.1502269141192
3000000	2	10.5513583436506
3100000	2	11.0261539795167
3200000	2	11.5025626857462
3300000	2	11.9831409486747
3400000	2	12.4543763805923
3500000	2	12.9109035345128
3600000	2	13.5370069871611
3700000	2	14.2325990275857
3800000	2	14.928246555711
3900000	2	15.649271585778
4000000	2	16.2213452925658
4100000	2	16.8843785309686
4200000	2	17.5682994266532
4300000	2	18.2317264910327
4400000	2	18.9136077983753
4500000	2	19.567176059295
4600000	2	20.235550865793
4700000	2	20.6559575095823
4800000	2	20.7895395270461
4900000	2	20.9425711000617
5000000	2	21.183220187254
5100000	2	21.5060665791677
5200000	2	21.7247320423775
5300000	2	21.8566035780555
5400000	2	22.1817261199346
5500000	2	22.5379478589674
5600000	2	23.0004923298224
5700000	2	23.829375636368
5800000	2	24.6616126303866
5900000	2	25.4797490571192
6000000	2	26.3057569573094
6100000	2	27.0882512263906
6200000	2	27.5015350318125
6300000	2	27.9282404302103
6400000	2	28.3581708912445
6500000	2	28.6879455478439
6600000	2	29.0468844326735
6700000	2	29.3882501128532
6800000	2	29.7374329616602
6900000	2	30.0941955294253
7000000	2	30.4422531429533
7100000	2	30.7921086408263
7200000	2	31.1421314026686
7300000	2	31.5071165311853
7400000	2	31.8364936834818
7500000	2	32.1848994018736
7600000	2	32.5300137934237
7700000	2	32.8873180259277
7800000	2	33.230582186403
7900000	2	33.481289205757
8000000	2	33.7921788088862
8100000	2	34.071365400327
8200000	2	34.2584499015126
8300000	2	34.4500119650981
8400000	2	34.6661516826339
8500000	2	34.8898387773698
8600000	2	35.1193701757013
8700000	2	35.3506876685766
8800000	2	35.5797588739872
8900000	2	35.8142815923151
9000000	2	36.0575784805216
9100000	2	36.2911694865208
9200000	2	36.5140804066783
9300000	2	36.7278166834894
9400000	2	36.8820364171292
9500000	2	37.3535567107184
9600000	2	37.5922175503995
9700000	2	37.8335703813894
9800000	2	38.0883828090494
9900000	2	38.3436181241919
10000000	2	38.6319692804753
10100000	2	38.8084819484762
10200000	2	38.9289755488415
10300000	2	39.1273485198364
10400000	2	39.3878484536243
10500000	2	39.6571699557733
10600000	2	40.1072487628079
10700000	2	40.5548655986573
10800000	2	40.9308378407505
10900000	2	41.0870183765428
11000000	2	41.2396730201709
11100000	2	41.5659257274008
11200000	2	41.9255226016892
11300000	2	42.2903742825645
11400000	2	42.3721517083169
11500000	2	42.5504083750153
11600000	2	42.6307310417903
11700000	2	42.7251743422368
11800000	2	43.0028168553019
11900000	2	43.1113602215198
12000000	2	43.1797305882697
12100000	2	43.2983038974305
12200000	2	43.4436157851777
12300000	2	43.6602458538526
12400000	2	43.9730546418442
12500000	2	44.1057810562774
12600000	2	44.4371655057304
12700000	2	44.6702148540696
12800000	2	45.0732227295891
12900000	2	45.2936619686045
13000000	2	45.4483923388948
13100000	2	45.5608096062891
13200000	2	45.6711553190179
13300000	2	45.7839568568912
13400000	2	45.9057013741625
13500000	2	46.0305719723537
13600000	2	46.1545871530952
13700000	2	46.2869143310744
13800000	2	46.4030163174362
13900000	2	46.5195928991278
14000000	2	46.6008489357677
14100000	2	46.678954783586
14200000	2	46.7603746197654
14300000	2	46.8424156663514
14400000	2	46.8928851667469
14500000	2	46.9429562555983
14600000	2	46.9893293531393
14700000	2	47.0333997146399
14800000	2	47.0741313152944
14900000	2	47.1134186491101
15000000	2	47.1455020370783
15100000	2	47.1938511736564
15200000	2	47.296654889051
15300000	2	47.3393119799144
15400000	2	47.3881809122248
15500000	2	47.4394874227512
15600000	2	47.4823174358212
15700000	2	47.5213308344651
15800000	2	47.5606610644203
15900000	2	47.588803864954
16000000	2	47.6595538717236
16100000	2	47.7037212537153
16200000	2	47.7590504887789
16300000	2	47.8216628986587
16400000	2	47.8731365966264
16500000	2	47.9242327584019
16600000	2	47.9809834462387
16700000	2	48.0430730291058
16800000	2	48.0902634043737
16900000	2	48.1300519148111
17000000	2	48.1607961890793
17100000	2	48.2208875872534
17200000	2	48.2996102734244
17300000	2	48.3590505391268
17400000	2	48.4645720300174
17500000	2	48.5229098024424
17600000	2	48.5612196005876
17700000	2	48.5996709177355
17800000	2	48.6529987663591
17900000	2	48.7011021770026
18000000	2	48.7470884230886
18100000	2	48.7811085847055
18200000	2	48.8188099719706
18300000	2	48.8605341651477
18400000	2	48.9033024360617
18500000	2	48.9828785496951
18600000	2	49.0463859804126
18700000	2	49.0715156599306
18800000	2	49.1200727368545
18900000	2	49.148784290418
19000000	2	49.1978484206249
19100000	2	49.2329202545059
19200000	2	49.2525113189842
19300000	2	49.2694864276022
19400000	2	49.2970827280927
19500000	2	49.3223703191372
19600000	2	49.3912249108192
19700000	2	49.4177917881421
19800000	2	49.4285887412884
19900000	2	49.4394523798637
20100000	2	49.5737708893115
20200000	2	49.5832288647229
20300000	2	49.6032446687928
20400000	2	49.6319642637443
20500000	2	49.6814200147051
20600000	2	49.7031275671683
20700000	2	49.7366295115738
20800000	2	49.7682475554467
20900000	2	49.8052279286124
21000000	2	49.8681124121166
21100000	2	50.0099686022637
21200000	2	50.0474063454816
21300000	2	50.0838035907588
21400000	2	50.117334798577
21500000	2	50.1580055273919
21600000	2	50.1858084551963
21700000	2	50.2283470682836
21800000	2	50.2757781095715
21900000	2	50.3223533063825
22000000	2	50.3555735621654
22100000	2	50.3896708679327
22200000	2	50.4438213876691
22300000	2	50.4796388219159
22400000	2	50.5156690179103
22500000	2	50.5815381809937
22600000	2	50.6247617221546
22700000	2	50.6559449728673
22800000	2	50.6892465151424
22900000	2	50.7272792375275
23000000	2	50.7535081164871
23100000	2	50.7729824509012
23200000	2	50.7945170780966
23300000	2	50.8116440134869
23400000	2	50.83225798527
23500000	2	50.9229394766787
23600000	2	50.9686782355982
23700000	2	50.9974572429972
23800000	2	51.029602728531
23900000	2	51.053002655324
24000000	2	51.0655879068339
24100000	2	51.0895614074845
24200000	2	51.1060923888025
24300000	2	51.1161358966173
24400000	2	51.2186143967851
24500000	2	51.2433962978957
24600000	2	51.2836762154334
24700000	2	51.3350254675124
24800000	2	51.3763290129951
24900000	2	51.41886099919
25000000	2	51.4698467182002
25100000	2	51.5251719939517
25200000	2	51.5817780058078
25300000	2	51.6282368190359
25400000	2	51.6788345400078
25500000	2	51.7223341919724
25600000	2	51.7313299067994
25700000	2	51.7472174633072
25800000	2	51.7734317542133
25900000	2	51.8097292223276
26000000	2	51.86550902849
26100000	2	51.9252368384312
26200000	2	51.9869525155384
26300000	2	52.02688443076
26400000	2	52.1166691393978
26500000	2	52.1581928477941
26600000	2	52.1881591040481
26700000	2	52.2237857710601
26800000	2	52.2565167526464
26900000	2	52.2846809019227
27000000	2	52.3091567086869
27100000	2	52.3556181426856
27200000	2	52.4197421302597
27300000	2	52.4773377985717
27400000	2	52.5210237478249
27500000	2	52.5659303683325
27600000	2	52.6144324574121
27700000	2	52.645997821849
27800000	2	52.6746945112837
27900000	2	52.7488803057041
28000000	2	52.8574827185649
28100000	2	52.947336235204
28200000	2	53.0099247667666
28300000	2	53.0752050532298
28400000	2	53.1425077678062
28500000	2	53.2075430958485
28600000	2	53.277732124722
28700000	2	53.3484225671357
28800000	2	53.4221598947903
28900000	2	53.4886182030441
29000000	2	53.5833352513598
29100000	2	53.6868242565509
29200000	2	53.7940120247752
29300000	2	53.9167842615696
29400000	2	54.0460416167132
29500000	2	54.1430878458222
29600000	2	54.2423463823613
29700000	2	55.0522561772993
29800000	2	55.1112633816102
29900000	2	55.2091081512907
30000000	2	55.2700964638004
30100000	2	55.33281760923
30200000	2	55.4506193879239
30300000	2	55.5533268566547
30400000	2	55.6198627659319
30500000	2	55.6883425998406
30600000	2	55.8071220018298
30700000	2	55.9499996412927
30800000	2	56.0752324759744
30900000	2	56.1760957708345
31000000	2	56.2757635011619
31100000	2	56.3810057816669
31200000	2	56.4862542666288
31300000	2	56.5861784638098
31400000	2	56.6892944400625
31500000	2	56.8085707052911
31600000	2	56.868819779795
31700000	2	56.988104964062
31800000	2	57.0897269398003
31900000	2	57.2472675865795
32000000	2	57.3691946735802
32100000	2	57.4476313733069
32200000	2	57.5329156983366
32300000	2	57.6255159703476
32400000	2	57.6886783331576
32500000	2	57.75377686836
32600000	2	57.8033082344384
32700000	2	57.8587425692625
32800000	2	57.9126213934875
32900000	2	57.944
