pos	chr	cM
100000	3	0.198213187471721
200000	3	0.450990811189389
300000	3	0.585955279862195
400000	3	0.932526578750664
500000	3	1.43241493236073
600000	3	1.98749562501778
700000	3	2.5463396687775
800000	3	3.09036191777904
900000	3	3.64172696259932
1000000	3	4.19686941051425
1100000	3	4.75123776146639
1200000	3	5.3058417205181
1300000	3	5.85660104240796
1400000	3	6.40968771058223
1500000	3	6.96275452477854
1600000	3	7.51523603298922
1700000	3	8.08116632113706
1800000	3	8.62778317538483
1900000	3	9.17454344489272
2000000	3	9.72706637127453
2100000	3	10.2839425584999
2200000	3	10.8323347524121
2300000	3	11.3833124914626
2400000	3	11.6186916165562
2500000	3	12.0040349338512
2600000	3	12.5873170388778
2700000	3	13.1842357375837
2800000	3	13.8139210591696
2900000	3	14.4334731899368
3000000	3	14.9977574463134
3100000	3	15.5954820734431
3200000	3	16.2041985971995
3300000	3	16.8114149518166
3400000	3	17.4177098255756
3500000	3	18.0223313010241
3600000	3	18.6159764016868
3700000	3	19.2202429623368
3800000	3	19.8312548774212
3900000	3	20.4450011216114
4000000	3	21.0376401190329
4100000	3	21.6494521411125
4200000	3	22.2509289834318
4300000	3	22.8476626890624
4400000	3	23.2468703102547
4500000	3	23.5900735040333
4600000	3	23.9289614633687
4700000	3	24.2696669716313
4800000	3	24.6294721931361
4900000	3	24.8508104235623
5000000	3	25.0257039490491
5100000	3	25.1959435344618
5200000	3	25.3770817985408
5300000	3	25.5440005236278
5400000	3	25.7202106873946
5500000	3	25.8993815192886
5600000	3	26.0771019225895
5700000	3	26.2381985308335
5800000	3	26.388682945504
5900000	3	26.5387990984968
6000000	3	26.6838243794498
6100000	3	26.8343724219018
6200000	3	26.9861504253281
6300000	3	27.1593581482238
6400000	3	27.2706889687669
6500000	3	27.3849097851534
6600000	3	27.4766830431528
6700000	3	27.6416651181997
6800000	3	27.8390204849268
6900000	3	28.0319169747619
7000000	3	28.2186343508137
7100000	3	28.3391332868163
7200000	3	28.4193208801306
7300000	3	28.5463393197675
7400000	3	28.6717950579576
7500000	3	28.7674036842566
7600000	3	28.7957753001207
7700000	3	28.8448999997297
7800000	3	28.8927151679929
7900000	3	28.9382030090542
8000000	3	29.0208090704297
8100000	3	29.0805034762505
8200000	3	29.1648541260374
8300000	3	29.2275979686501
8400000	3	29.2914254207357
8500000	3	29.3503007242193
8600000	3	29.4112063900457
8700000	3	29.4717759678423
8800000	3	29.5333821221782
8900000	3	29.5931496421101
9000000	3	29.6580719645173
9100000	3	29.7155397883476
9200000	3	29.7504213042137
9300000	3	29.7799739181317
9400000	3	29.8308098917366
9500000	3	29.8747261820136
9600000	3	29.9025883223288
9700000	3	29.9183692792781
9800000	3	29.9496786955683
9900000	3	29.9673668916814
10000000	3	29.9812252050009
10100000	3	30.0271543886547
10200000	3	30.0415113107078
10300000	3	30.0664741771722
10400000	3	30.0886286152638
10500000	3	30.1172459352577
10600000	3	30.1341144836369
10700000	3	30.1413412793408
10800000	3	30.1465904602745
10900000	3	30.2713012059796
11200000	3	30.2964712631042
11400000	3	30.2971941992861
11500000	3	30.3003198390896
11600000	3	30.42306798737
11700000	3	30.6172575539046
12500000	3	30.6403535514286
12600000	3	30.78641678487
12700000	3	30.7905612847518
12800000	3	30.7927724722854
12900000	3	30.8953743154041
13000000	3	30.9011986497661
13100000	3	31.2237129149756
13200000	3	31.2634058607068
13500000	3	31.4383474075956
13900000	3	31.5827684202012
14000000	3	31.6732843802108
14300000	3	31.9371677121706
14500000	3	32.2249331118517
15800000	3	32.2297090768227
15900000	3	32.2330311386916
16000000	3	32.2429298688031
16100000	3	32.2489410046759
16200000	3	32.2755458978397
16300000	3	32.284183821968
16400000	3	32.4243611815286
16500000	3	32.4550235624986
16600000	3	32.4693316441187
16700000	3	32.4796004104992
16800000	3	32.511358101046
16900000	3	32.5405191103254
17000000	3	32.5929664335459
17100000	3	32.6168315638721
17200000	3	32.6352455425412
17300000	3	32.6824159664525
17400000	3	32.7358656564361
17500000	3	32.8177424399357
17600000	3	32.8499847779556
17700000	3	32.8585670865345
17800000	3	32.9336243378431
17900000	3	32.9986234533762
18000000	3	33.0149361752708
18100000	3	33.0605058709748
18200000	3	33.0714282920363
18300000	3	33.1230868453679
18400000	3	33.1465138868309
18500000	3	33.1741879692932
18600000	3	33.1834779675757
18700000	3	33.2001811693274
18800000	3	33.2169684736287
18900000	3	33.3263731013594
19000000	3	33.3358015787529
19100000	3	33.3424474103295
19200000	3	33.35314813681
19300000	3	33.3540143499226
19400000	3	33.3730906449545
19500000	3	33.3757031427959
19600000	3	33.3765218046537
19700000	3	33.3782614175991
19800000	3	33.3808991495034
19900000	3	33.4135502564575
20000000	3	33.5320970943883
20100000	3	33.568312739607
20200000	3	33.5972573113268
20300000	3	33.6281045994653
20400000	3	33.6727707627852
20500000	3	33.7206476997721
20600000	3	33.760309097182
20700000	3	33.8031596882236
20800000	3	33.8470015859407
20900000	3	33.9375625022865
21000000	3	33.9997264755977
21100000	3	34.0630814372838
21200000	3	34.1237820617043
21300000	3	34.1739988656229
21400000	3	34.211601922578
21500000	3	34.2442108152287
21600000	3	34.2865169253172
21700000	3	34.3224512407157
21800000	3	34.3520909346139
21900000	3	34.408425414546
22000000	3	34.4550453772237
22100000	3	34.4983252079351
22200000	3	34.5671869243702
22300000	3	34.6456424373909
22400000	3	34.6771518219045
22500000	3	34.7193217806468
22600000	3	34.7702763304906
22700000	3	34.8122483295581
22800000	3	34.8405060821042
22900000	3	34.8608002304351
23000000	3	34.8855988929118
23100000	3	34.9058547985271
23200000	3	34.9380162484819
23300000	3	34.9832773334453
23400000	3	35.0087581920421
23500000	3	35.0431055839461
23600000	3	35.0995218359985
23700000	3	35.1481545476029
23800000	3	35.222411610906
23900000	3	35.3028701645198
24000000	3	35.3690591077858
24100000	3	35.7374600674152
24200000	3	36.097247047801
24300000	3	36.486443999718
24400000	3	36.6691960360135
24500000	3	36.7934471908061
24600000	3	36.9675877980588
24700000	3	37.1689712322824
24800000	3	37.3889923957587
24900000	3	37.6086418224001
25000000	3	37.8351506292462
25100000	3	38.05498418255
25200000	3	38.2783893750037
25300000	3	38.5017631633702
25400000	3	39.1158664978966
25500000	3	39.7419836286304
25600000	3	40.3681381630302
25700000	3	41.0503712546425
25800000	3	41.6324705079579
25900000	3	42.2580159907364
26000000	3	42.8872263833361
26100000	3	43.5350594547908
26200000	3	44.1606257008778
26300000	3	44.7907495469096
26400000	3	45.4272400950788
26500000	3	46.0734195563847
26600000	3	46.6799750685925
26700000	3	47.2073104127168
26800000	3	47.6555572095097
26900000	3	48.1063980934436
27000000	3	48.5503418790433
27100000	3	49.0083299347351
27200000	3	49.4480126985605
27300000	3	49.8731899441648
27400000	3	50.1484922087279
27500000	3	50.4200228913368
27600000	3	50.6965053662468
27700000	3	50.9618169174054
27800000	3	51.2477652000697
27900000	3	51.5345085665214
28000000	3	51.8231097289879
28100000	3	52.1849849195467
28200000	3	52.9075373673035
28300000	3	53.6651291958125
28400000	3	54.4899858393268
28500000	3	55.2432892013926
28600000	3	56.0509764014139
28700000	3	56.8294555191852
28800000	3	57.6281106287173
28900000	3	58.4146476806281
29000000	3	59.2079776722883
29100000	3	60.000324123018
29200000	3	60.7921288242422
29300000	3	61.5855794261092
29400000	3	62.3916163307029
29500000	3	63.1698890650356
29600000	3	63.9722670161095
29700000	3	64.756986016254
29800000	3	65.2373644596759
29900000	3	65.6897506735191
30000000	3	66.1405849852581
30100000	3	66.5855252577931
30200000	3	67.0360863243131
30300000	3	67.5034968085654
30400000	3	67.936921307905
30500000	3	68.393339549383
30600000	3	68.8417231625977
30700000	3	69.2874080263111
30800000	3	69.7449433492333
30900000	3	70.2142653890164
31000000	3	70.6406203315633
31100000	3	71.1099032661062
31200000	3	71.5518577527457
31300000	3	72.0130655730836
31400000	3	72.4610671301331
31500000	3	72.8712814467501
31600000	3	73.1962481712494
31700000	3	73.5244843262676
31800000	3	73.8483028115065
31900000	3	74.1734252264344
32000000	3	74.2452245019212
32100000	3	74.5021921491443
32200000	3	74.8286103727953
32300000	3	74.9675138032256
32400000	3	75.1745501105344
32500000	3	75.734
