pos	chr	cM
100000	10	0.324890972344012
200000	10	0.631259498140272
300000	10	0.901017339553498
400000	10	1.38489638352493
500000	10	1.70002144092252
600000	10	2.10609583315471
700000	10	2.51296721024245
800000	10	2.91719722574066
900000	10	3.32802757330263
1000000	10	3.72446300266887
1100000	10	4.13116594503984
1200000	10	4.59959271282562
1300000	10	5.21211754273579
1400000	10	5.83398778793962
1500000	10	6.467174217345
1600000	10	7.27312001420627
1700000	10	8.46184203290202
1800000	10	9.67843883246731
1900000	10	10.8965797169258
2000000	10	12.0859835360579
2100000	10	13.2279625059501
2200000	10	14.4168841564673
2300000	10	15.6115176967481
2400000	10	16.7770580181002
2500000	10	17.3639174662987
2600000	10	18.0741367238814
2700000	10	19.0969150567272
2800000	10	20.0379804656748
2900000	10	20.9158900352068
3000000	10	21.7699115328044
3100000	10	22.643389478178
3200000	10	23.5126534205035
3300000	10	24.3715793370209
3400000	10	25.2304142767595
3500000	10	26.0883781390819
3600000	10	26.9370463994685
3700000	10	27.7489922010671
3800000	10	28.5589177746285
3900000	10	29.3643207955752
4000000	10	30.1725926909043
4100000	10	30.9842509323167
4200000	10	31.7937015625048
4300000	10	32.6039795623842
4400000	10	33.4000345658897
4500000	10	34.0605213929157
4600000	10	34.3872894695506
4700000	10	34.6685698758624
4800000	10	35.3296314951384
4900000	10	35.9674777288988
5000000	10	36.3935082769607
5100000	10	36.6838524565586
5200000	10	36.9837041875509
5300000	10	37.2616286422387
5400000	10	37.5519048815935
5500000	10	37.8700856624535
5600000	10	38.2094341832869
5700000	10	38.518394107126
5800000	10	38.9292013922505
5900000	10	39.4382710049901
6000000	10	39.9397282896282
6100000	10	40.4100479264172
6200000	10	40.8182393182781
6300000	10	41.2314887661282
6400000	10	41.6488858273016
6500000	10	41.9233100203626
6600000	10	42.1473098332669
6700000	10	42.4125045784422
6800000	10	42.5299250609275
6900000	10	42.8108916589122
7000000	10	43.1469198443828
7100000	10	43.4049813713171
7200000	10	43.6388548744742
7300000	10	43.8301652190391
7400000	10	44.0280146858721
7500000	10	44.2231485466256
7600000	10	44.5672524490612
7700000	10	44.7134191311612
7800000	10	44.8687540678341
7900000	10	45.0192335550413
8000000	10	45.1744717637358
8100000	10	45.3315565216303
8200000	10	45.4819561007837
8300000	10	45.6339168039468
8400000	10	45.7907075174274
8500000	10	45.999083367999
8600000	10	46.2695192679241
8700000	10	46.4455477038188
8800000	10	46.7082124872076
8900000	10	46.8383900754158
9000000	10	46.9690062352872
9100000	10	47.1153864130643
9200000	10	47.2083139765968
9300000	10	47.360188262498
9400000	10	47.4449015258963
9500000	10	47.5055282721024
9600000	10	47.5719591120588
9700000	10	47.6355098297458
9800000	10	47.8199235249339
9900000	10	48.2156593971783
10000000	10	48.3376878397836
10100000	10	48.3806681799502
10200000	10	48.4189579367696
10300000	10	48.4644505421331
10400000	10	48.5578809545811
10500000	10	48.6169391953069
10600000	10	48.6847598871435
10700000	10	48.8541443375101
10800000	10	48.9110815799181
10900000	10	48.9999442217428
11000000	10	49.0868151682417
11100000	10	49.1455399553837
11200000	10	49.2124612456373
11300000	10	49.2621815422234
11400000	10	50.002109468043
11500000	10	50.2162487866343
11600000	10	50.2495267255698
11700000	10	50.3042041788679
11800000	10	50.3465766505273
11900000	10	50.383011424023
12100000	10	50.4220102224886
12200000	10	50.4262672272612
12300000	10	50.431564632298
12400000	10	50.4465997167739
12500000	10	50.4614421287936
12600000	10	50.4707779252427
12700000	10	50.563050628659
12800000	10	50.5776355692505
12900000	10	50.6087055410949
13000000	10	50.6373013545587
13100000	10	50.6692702101569
13200000	10	50.7023662784611
13300000	10	50.7288817296779
13400000	10	50.7463158895667
13500000	10	50.7612539802903
13600000	10	50.7741165321125
13700000	10	50.8140183289132
13800000	10	50.9123311515204
13900000	10	51.0278012858696
14000000	10	51.0814906655447
14100000	10	51.0956575145218
14200000	10	51.1234007455044
14300000	10	51.1420905747302
14400000	10	51.165513221498
14500000	10	51.1871210754626
14600000	10	51.2740922498422
14700000	10	51.3452340541948
14800000	10	51.4186250165993
14900000	10	51.4859845135378
15000000	10	51.5061159854372
15100000	10	51.5146292426047
15200000	10	51.5326587162556
15300000	10	51.5673890982565
15500000	10	51.6974497516848
15600000	10	51.7082710748277
15700000	10	51.7218348665628
15800000	10	51.739031331222
15900000	10	51.7451141109108
16100000	10	51.8293614127828
16200000	10	51.8430214899153
16300000	10	51.871906126196
16400000	10	51.9050318824473
16500000	10	51.9364111464077
16600000	10	52.0024327892683
16700000	10	52.036955769554
16800000	10	52.0530331998901
16900000	10	52.0698224851237
17000000	10	52.0948755648388
17100000	10	52.1027109865766
17200000	10	52.5520019862333
17300000	10	52.7517117632319
17400000	10	52.7760089154486
17500000	10	52.7898776947045
17600000	10	52.7979974207958
17700000	10	52.9093114502639
17800000	10	53.013411747051
17900000	10	53.2356111430013
18000000	10	53.3218432032549
18200000	10	53.3313932373162
18300000	10	53.4216649741362
18400000	10	53.4588065788297
18500000	10	53.5038897870502
18600000	10	53.5165041099465
18700000	10	53.547492075188
18800000	10	53.608787665865
18900000	10	53.6327630042888
19000000	10	53.6555205415483
19100000	10	53.6898436601734
19200000	10	53.7323204293507
19300000	10	53.752943994718
19400000	10	53.7666373987296
19500000	10	53.7942039737162
19600000	10	53.8268175974962
19700000	10	53.8852403052735
19800000	10	53.9158769461963
19900000	10	53.9836792143532
20000000	10	53.9894904199098
20100000	10	53.9967915043613
20200000	10	54.0158614360176
20300000	10	54.0253274375132
20400000	10	54.0400143997545
20500000	10	54.0428232332959
20600000	10	54.0443917817751
20700000	10	54.0522201160726
20800000	10	54.1088455212417
20900000	10	54.1215021874681
21000000	10	54.1267352034555
21100000	10	54.1303234809802
21200000	10	54.1311460053146
21300000	10	54.1319975852058
21400000	10	54.1328761180097
21500000	10	54.1342094876139
21600000	10	54.13656003298
21700000	10	54.1399163925812
21800000	10	54.1433813910494
21900000	10	54.1478983783834
22000000	10	54.1555510666461
22100000	10	54.1607183228421
22200000	10	54.1641538568547
22300000	10	54.1861574170235
22400000	10	54.2024710729496
22500000	10	54.2344017278505
22600000	10	54.2709744280663
22700000	10	54.3327030317803
22800000	10	54.3917583392674
22900000	10	54.421401186593
23000000	10	54.6296149724214
23100000	10	54.7234497133684
23200000	10	54.8208829189862
23300000	10	54.8574659594035
23400000	10	54.8868346413015
23500000	10	54.9335013584301
23600000	10	54.972596793348
23700000	10	54.9953390330472
23800000	10	55.0251075006149
23900000	10	55.0699352862005
24000000	10	55.1123928139008
24100000	10	55.1541357070321
24200000	10	55.2053746422991
24300000	10	55.2541859025891
24400000	10	55.2750223389216
24500000	10	55.3129745536825
24600000	10	55.3571951239342
24700000	10	55.429060124645
24800000	10	55.4801188623458
24900000	10	55.5337425365922
25000000	10	55.5940956535255
25100000	10	55.5974525706787
25200000	10	55.5985133919195
25300000	10	55.6658943918702
25400000	10	55.7744310491398
25500000	10	55.8445356424126
25600000	10	55.8782236927839
25700000	10	55.8943191850974
25800000	10	55.9430557260672
25900000	10	56.0070594868879
26000000	10	56.0487882423018
26100000	10	56.0677523561234
26200000	10	56.0742408312653
26300000	10	56.0805021777375
26400000	10	56.1030720547742
26500000	10	56.18791499894
26600000	10	56.2943549663749
26700000	10	56.3769469688552
26800000	10	56.4701145465867
26900000	10	56.550391348455
27000000	10	56.6795735849716
27100000	10	56.7955691629077
27200000	10	56.9170688971867
27300000	10	57.0289830356085
27400000	10	57.1363328221234
27500000	10	57.3132017445111
27600000	10	57.3535798237924
27700000	10	57.4512738537255
27800000	10	57.6047524513821
27900000	10	57.6893847490571
28000000	10	57.7290433368437
28100000	10	57.7666647231011
28200000	10	57.8097894358235
28300000	10	57.8657589329329
28400000	10	58.1668797196256
28500000	10	58.320572902878
28600000	10	58.4678765956904
28700000	10	58.6499946758368
28800000	10	58.8289184327662
28900000	10	59.0196674338954
29000000	10	59.1752231366356
29100000	10	59.3192630703444
29200000	10	59.4622441632169
29300000	10	59.5951432835662
29400000	10	59.7373243385619
29500000	10	59.8837973629539
29600000	10	59.9403665466044
29700000	10	59.9880624345383
29800000	10	60.0595906609249
29900000	10	60.1628870934486
30000000	10	60.2274021932069
30100000	10	60.2691326889484
30200000	10	60.533
