pos	chr	cM
100000	13	0.198040779813219
200000	13	0.333665446217211
300000	13	0.504087113420701
400000	13	0.610768288841039
500000	13	0.694635465292195
600000	13	0.795279400829562
700000	13	0.919959173329235
800000	13	1.04241255264714
900000	13	1.17838390705401
1000000	13	1.3309811127814
1100000	13	1.47894978073297
1200000	13	1.63687147448
1300000	13	1.82958534525667
1400000	13	1.97592692510426
1500000	13	2.1872130555576
1600000	13	2.3987780825986
1700000	13	2.57272097946008
1800000	13	2.80112007581712
1900000	13	3.7904951874096
2000000	13	3.95737916900251
2100000	13	4.12456580688194
2200000	13	4.29573823288653
2300000	13	4.46287529219845
2400000	13	4.62408324102581
2500000	13	4.77174689406561
2600000	13	4.95716678649551
2700000	13	5.15599950985446
2800000	13	5.32812870467746
2900000	13	5.74340529261132
3000000	13	6.38505615473688
3100000	13	6.48500955278243
3200000	13	6.5713837760207
3300000	13	6.67332184762973
3400000	13	6.85224199879549
3500000	13	6.98807580448318
3600000	13	7.10615227672363
3700000	13	7.23100002227148
3800000	13	7.30043426568286
3900000	13	7.47525737471657
4000000	13	7.60761762508119
4100000	13	7.69955062632461
4200000	13	7.8018377449295
4300000	13	7.88736322259616
4400000	13	7.97614816076215
4500000	13	8.06854585555253
4600000	13	8.16102454537707
4700000	13	8.25523048311987
4800000	13	8.33908352461257
4900000	13	8.43544475319653
5000000	13	8.52648776038371
5100000	13	8.62814177332291
5200000	13	8.76066361538083
5300000	13	8.86643059981419
5400000	13	8.96532607782486
5500000	13	9.08774353879327
5600000	13	9.16570228201671
5700000	13	9.22767839279475
5800000	13	9.26952100448563
5900000	13	9.27144691638589
6000000	13	9.28145596780497
6100000	13	9.28612627354644
6200000	13	9.31331343511308
6300000	13	9.33082689391706
6400000	13	9.42359920770201
6500000	13	9.48735340995972
6600000	13	9.56044748272285
6700000	13	9.62655769958641
6800000	13	9.74572430397524
6900000	13	9.93455425246671
7000000	13	10.0215604101481
7100000	13	10.1112784668949
7200000	13	10.2153657986828
7300000	13	10.2724003855956
7400000	13	10.3628558394002
7500000	13	10.4274794218296
7600000	13	10.4952931455443
7700000	13	10.5473059034207
7800000	13	10.6132131045761
7900000	13	10.6827127877644
8000000	13	10.7107635590712
8100000	13	10.8052933428515
8200000	13	10.8791539834073
8300000	13	10.937067657849
8400000	13	10.9856465004325
8600000	13	11.0283882423284
8700000	13	11.0628851352157
8800000	13	11.1229972223264
8900000	13	11.1451040502373
9000000	13	11.1524764186133
9100000	13	12.0283556085899
9200000	13	12.0340927003555
9300000	13	12.0566504358313
9400000	13	12.0651184671493
9500000	13	12.0777039272263
9600000	13	12.3432884542121
9700000	13	12.4116455726033
9800000	13	12.6597131859544
9900000	13	12.9412821022808
10000000	13	12.9523165934229
10100000	13	12.953399569898
10200000	13	12.9685780709737
10300000	13	12.9785639298574
10400000	13	12.9842958025425
10500000	13	12.9899778115461
10600000	13	12.9936646618785
10700000	13	13.0012447127115
10800000	13	13.0163094957389
10900000	13	13.0399159338323
11000000	13	13.0504954188047
11100000	13	13.1054391278263
11200000	13	13.1389419543101
11300000	13	13.1579107422589
11400000	13	13.1979004519323
11500000	13	13.243275956721
11600000	13	13.2770677711832
11800000	13	13.3284410748897
11900000	13	13.3874097685833
12000000	13	13.4602377971948
12100000	13	13.5070643546645
12300000	13	13.579089178833
12400000	13	13.6119109289253
12500000	13	13.6655371508478
12600000	13	13.7146733740127
12700000	13	13.7517305020226
12800000	13	13.7766039986991
12900000	13	13.8312560457266
13000000	13	13.8969144669553
13100000	13	13.9751449968143
13200000	13	14.5391877967853
13300000	13	14.8776135632337
13500000	13	14.9038516938956
13600000	13	14.9524930648088
13700000	13	15.0086776702068
13900000	13	15.0546912821677
14000000	13	15.1871406849384
14100000	13	15.2190385038358
14200000	13	15.2611441893941
14300000	13	15.4304126854641
14400000	13	15.4579883101088
14500000	13	15.5117035844147
14600000	13	15.561582653182
14700000	13	15.6291036158778
14800000	13	15.6857120420364
14900000	13	15.749616165193
15100000	13	15.827745326384
15200000	13	15.8745944473243
15300000	13	15.9954911003916
15400000	13	16.0496312881089
15500000	13	16.0925797395685
15600000	13	16.1308164801488
15700000	13	16.1844981981627
15800000	13	16.2450415688851
15900000	13	16.3424027421717
16000000	13	16.4447199619928
16100000	13	16.5922786992335
16200000	13	16.6913003763204
16300000	13	16.7238791026984
16400000	13	16.8069143915829
16500000	13	16.9732141429763
16600000	13	17.1722571890992
16700000	13	17.3966514015618
16800000	13	17.4744435237605
16900000	13	17.5589475454543
17000000	13	17.6700122789762
17100000	13	17.8012057330463
17200000	13	17.8621650867154
17300000	13	17.9383255607033
17400000	13	18.0511972742676
17500000	13	18.1446411318816
17600000	13	18.3016376762643
17700000	13	18.4387436052912
17800000	13	18.5642962974939
17900000	13	18.712919215999
18000000	13	18.8522300356403
18100000	13	18.9998979020169
18200000	13	19.323512574448
18300000	13	19.6433207677164
18400000	13	19.8653715841324
18500000	13	19.9630152913544
18600000	13	20.124367327522
18700000	13	20.2092101111493
18800000	13	20.2738470468641
18900000	13	20.5170913756483
19000000	13	20.6944688472666
19100000	13	20.8284415088641
19200000	13	20.9476499366233
19300000	13	21.0567083715601
19400000	13	21.1237162714855
19500000	13	21.2040983534667
19600000	13	21.7286858227852
19700000	13	21.9936730183044
19800000	13	22.4211791103934
19900000	13	22.5643915775566
20000000	13	22.7134677215564
20100000	13	23.9618144992428
20200000	13	24.4559519704816
20300000	13	24.6443915680878
20400000	13	25.223174316711
20500000	13	25.3722263645383
20600000	13	25.5773206500551
20700000	13	25.7427716358969
20800000	13	26.0188767290483
20900000	13	26.313266281178
21000000	13	26.5861060904454
21100000	13	26.9090920583354
21200000	13	27.1181870733695
21300000	13	27.4304379855725
21400000	13	28.3252177851073
21500000	13	28.5972546229505
21600000	13	28.8743587912438
21700000	13	29.1521372728693
21800000	13	29.8244724333565
21900000	13	30.5117423846519
22000000	13	31.2030966746968
22100000	13	31.9857790733607
22200000	13	32.6071965514022
22300000	13	33.2568479978533
22400000	13	33.9462343261054
22500000	13	34.6532256115674
22600000	13	35.3450804649683
22700000	13	36.0125356875486
22800000	13	36.6833937911499
22900000	13	37.3831664643216
23000000	13	38.076544352969
23100000	13	38.7664574284798
23200000	13	39.4247940493157
23300000	13	40.1141717442295
23400000	13	40.7978367989009
23500000	13	41.4850201548674
23600000	13	42.1664739902775
23700000	13	42.8580413792086
23800000	13	43.5593574249778
23900000	13	44.2640052702655
24000000	13	44.9222912312828
24100000	13	45.61874814094
24200000	13	46.3028667741276
24300000	13	46.988603398495
24400000	13	47.6751423511256
24500000	13	48.3646339673203
24600000	13	49.0557530441303
24700000	13	49.828451852932
24800000	13	50.4665462571582
24900000	13	51.1291633823626
25000000	13	51.8079740567842
25100000	13	52.5011974634452
25200000	13	53.1886313007063
25300000	13	53.8765696120176
25400000	13	54.5684811291776
25500000	13	55.2571677471386
25600000	13	55.9478436056343
25700000	13	56.6317355313225
25800000	13	57.3156935324716
25900000	13	58.0046176371018
26000000	13	58.6909258653871
26100000	13	59.6779125397957
26200000	13	60.7672355970893
26300000	13	61.8693390627676
26400000	13	62.9912056386683
26500000	13	64.0488437034623
26600000	13	65.1715322542561
26700000	13	66.2392445389833
26800000	13	67.3458856510323
26900000	13	68.4520573769219
27000000	13	69.5328520162321
27100000	13	70.6342727904451
27200000	13	71.7489729285572
27300000	13	72.8053421602219
27400000	13	73.8887112853257
27500000	13	74.9891557132237
27600000	13	76.1061638003411
27700000	13	77.1953223042378
27800000	13	78.2823167317145
27900000	13	79.3941770927488
28000000	13	80.4866171906155
28100000	13	81.5937096497905
28200000	13	82.7081429944381
28300000	13	83.7913300892491
28400000	13	84.8864183178633
28500000	13	85.9351224444033
28600000	13	86.5965126162343
28700000	13	87.1312703386254
28800000	13	87.4268899165193
28900000	13	88.0734284816777
29000000	13	88.3777038900205
29100000	13	88.6666894032978
29200000	13	88.8118960849223
29300000	13	89.1875302051107
29400000	13	89.7473728229226
29500000	13	90.5824723788898
29600000	13	91.3906815156078
29700000	13	92.6393698721682
29800000	13	93.987
