pos	chr	cM
100000	23	0.166419560109353
200000	23	0.325109023251317
300000	23	0.834058423955335
400000	23	0.945823945876696
500000	23	1.0591111883149
600000	23	1.24762821281955
700000	23	1.41599322389228
800000	23	1.59125710270951
900000	23	1.71289088698345
1000000	23	1.86668117215538
1100000	23	2.04828879378406
1200000	23	2.18391676600858
1300000	23	2.33255263429806
1400000	23	2.52306364765223
1500000	23	2.8262873138025
1600000	23	3.01724519563086
1700000	23	3.35554540590222
1800000	23	4.93404503109363
1900000	23	6.5238157836227
2000000	23	8.13096412567237
2100000	23	8.60910250458355
2200000	23	8.76720496243037
2300000	23	8.92256321161888
2400000	23	9.08770852650272
2500000	23	9.21862734057381
2600000	23	9.41089160258588
2700000	23	9.64448926905642
2800000	23	9.8981902392301
2900000	23	10.1391608082575
3000000	23	10.2790988065376
3100000	23	10.3651526834226
3200000	23	10.5811563369339
3300000	23	10.8784009642931
3400000	23	11.0937265219868
3500000	23	11.7067416452613
3600000	23	11.9409442929533
3700000	23	12.0645272105741
3800000	23	12.1619268245113
3900000	23	12.4336003630759
4000000	23	12.6032605729635
4100000	23	12.7494244843155
4200000	23	12.9614347905091
4300000	23	13.0548958072763
4400000	23	14.1091931423025
4500000	23	14.2724283408847
4600000	23	14.3478778858678
4700000	23	14.529731134237
4800000	23	14.5729552784999
4900000	23	14.6347602433305
5000000	23	14.7008816746595
5100000	23	14.8124260210067
5200000	23	14.8852924618753
5300000	23	14.9693645774434
5400000	23	15.0406644865445
5500000	23	15.1580748347244
5600000	23	15.2803975658532
5700000	23	15.3740131554878
5800000	23	15.5107291900948
5900000	23	15.5890268756681
6000000	23	15.6704163144167
6100000	23	15.7181728014105
6200000	23	15.7825089837318
6300000	23	15.8500250821883
6400000	23	15.893954822155
6500000	23	16.0011384068661
6600000	23	16.1901538340112
6700000	23	16.328075620381
6800000	23	16.3804667796028
6900000	23	16.4666843587498
7000000	23	16.5695873679928
7100000	23	16.7004720338277
7200000	23	16.7616185603489
7300000	23	16.8191985829526
7400000	23	16.8890695780487
7500000	23	16.953289466492
7600000	23	17.0105625447593
7700000	23	17.0723789170931
7800000	23	17.1436302719328
7900000	23	17.1998907082043
8000000	23	17.2745846940738
8100000	23	17.3659955155191
8200000	23	17.5634927108915
8300000	23	17.6643321078328
8400000	23	17.748876290747
8500000	23	17.9257787704463
8600000	23	18.0159518231114
8700000	23	18.0738046105271
8800000	23	18.1358626618025
8900000	23	18.2015032461193
9000000	23	18.284994983006
9100000	23	18.3640781307441
9200000	23	18.4138335593195
9300000	23	18.4384183233805
9400000	23	18.482672629203
9500000	23	18.4974755043883
9600000	23	18.5394254030358
9700000	23	18.5648289856377
9800000	23	18.6145346380465
9900000	23	18.7009756808184
10000000	23	18.7816127931998
10100000	23	18.8722924726803
10200000	23	18.9291740710607
10300000	23	18.991959559889
10400000	23	19.0452763716084
10500000	23	19.1070358478576
10600000	23	19.1626690562588
10700000	23	19.2239327988377
10800000	23	19.2811667101483
10900000	23	19.3118391716275
11000000	23	19.3639784403822
11100000	23	19.4193260207284
11200000	23	19.4966432815302
11300000	23	19.5708116213209
11400000	23	19.6240262204119
11500000	23	19.672770583109
11600000	23	19.7398742633923
11700000	23	19.8849262642529
11800000	23	19.9902756749125
11900000	23	20.1570883760215
12000000	23	20.2459668236694
12100000	23	20.3204464954853
12200000	23	20.6602552681785
12300000	23	20.7515827260732
12400000	23	20.8761553101474
12500000	23	21.0004401198398
12600000	23	21.1111931014283
12700000	23	21.2629713232806
12800000	23	21.4235494702563
12900000	23	21.5810771642791
13000000	23	21.7215059928181
13100000	23	21.8986541266474
13200000	23	22.4817250789705
13300000	23	22.6401258816154
13400000	23	22.8324079692524
13500000	23	22.9207969374043
13600000	23	23.0684804700251
13700000	23	23.1897210596899
13800000	23	23.3103717123057
13900000	23	23.432305080438
14000000	23	23.5460742980259
14100000	23	23.7744870125563
14200000	23	23.9560641579027
14300000	23	24.1359206979619
14400000	23	24.3492243140662
14500000	23	24.4481274828166
14600000	23	24.6309967548647
14700000	23	24.864664366639
14800000	23	25.0314221552125
14900000	23	25.2387097522493
15000000	23	25.5566476578872
15100000	23	25.9368949629351
15200000	23	26.2729142855634
15300000	23	27.0199960660781
15400000	23	27.7679697712498
15500000	23	28.0556292971076
15600000	23	28.3112664696422
15700000	23	28.6301984388771
15800000	23	28.8453751784326
15900000	23	29.1141311154402
16000000	23	29.3969364787818
16100000	23	29.6798823062543
16200000	23	29.9185127254284
16300000	23	30.1720065095567
16400000	23	30.4229438165975
16500000	23	30.7169431589117
16600000	23	30.9798532704367
16700000	23	31.252668345042
16800000	23	31.5338582385112
16900000	23	31.8157781000936
17000000	23	32.1182197738767
17100000	23	32.4205346240113
17200000	23	32.8946164377004
17300000	23	33.3340257833261
17400000	23	33.5318328122912
17500000	23	33.777932119476
17600000	23	34.5591667793544
17700000	23	35.1861589566139
17800000	23	35.6641589769779
17900000	23	36.1152042481192
18000000	23	36.6294026708627
18100000	23	37.0380151400814
18200000	23	37.6148665257152
18300000	23	38.308013382681
18400000	23	38.9932764596312
18500000	23	39.6841556315935
18600000	23	40.386913371131
18700000	23	41.0754969352738
18800000	23	41.7837256738372
18900000	23	42.473642951081
19000000	23	43.3085385394087
19100000	23	44.1645552444065
19200000	23	44.9950835864031
19300000	23	45.8399872292443
19400000	23	46.694140126454
19500000	23	47.5019169472937
19600000	23	48.3322951229236
19700000	23	48.9265167061165
19800000	23	49.3164938094078
19900000	23	49.7378165111231
20000000	23	50.2995879555284
20100000	23	50.9349683398775
20200000	23	51.5552675565117
20300000	23	52.1835519106708
20400000	23	52.7183613003495
20500000	23	53.117414589009
20600000	23	53.5113472010057
20700000	23	53.9105777992693
20800000	23	54.494628678186
20900000	23	55.5778708958886
21000000	23	56.7268056621195
21100000	23	57.6528790067201
21200000	23	58.3675541949051
21300000	23	59.0902724865489
21400000	23	59.8077234535992
21500000	23	60.5278012074874
21600000	23	61.2522781637068
21700000	23	61.9717092832061
21800000	23	62.6984903343985
21900000	23	63.4074172460983
22000000	23	63.9297389629525
22100000	23	64.4095990591082
22200000	23	64.8541501148153
22300000	23	65.6104324218399
22400000	23	66.9573113640097
22500000	23	68.3026463497357
22600000	23	69.6955479635646
22700000	23	71.1237858566992
22800000	23	72.5367164426035
22900000	23	73.9825048547769
23000000	23	75.4324180277615
23100000	23	76.8065584277064
23200000	23	78.2405938971486
23300000	23	79.6544384489859
23400000	23	81.0769509001361
23500000	23	82.5447534589659
23600000	23	83.937505581712
23700000	23	85.1265913269815
23800000	23	86.5004287772726
23900000	23	87.8273054329749
24000000	23	89.1938501513794
24100000	23	90.5290996841143
24200000	23	91.8954383487046
24300000	23	93.24440849761
24400000	23	94.5951911166404
24500000	23	95.9891173094346
24600000	23	96.8817741197733
24700000	23	97.5590919837054
24800000	23	98.1998128983801
24900000	23	98.847198730389
25000000	23	99.5118951911008
25100000	23	100.167892576176
25200000	23	100.753
