pos	chr	cM
100000	9	0.481584446117751
200000	9	1.13313760587146
300000	9	1.23282513102893
400000	9	1.39388879131121
500000	9	1.93639082842287
600000	9	2.1120178966574
700000	9	2.18928258136477
800000	9	2.35095070519442
900000	9	2.51597515443336
1000000	9	2.69033451300531
1100000	9	2.87541460895645
1200000	9	3.05809987959169
1300000	9	3.22691617535661
1400000	9	3.41471127379984
1500000	9	3.59252959037773
1600000	9	3.78480790687342
1700000	9	3.98198522631628
1800000	9	4.15212895521985
1900000	9	4.333453226467
2000000	9	4.51418181711017
2100000	9	4.80176989157918
2200000	9	5.0142183400858
2300000	9	5.20094041426164
2400000	9	5.35016589391723
2500000	9	5.5188745294548
2600000	9	5.69968467255231
2700000	9	5.87500676826183
2800000	9	6.05523129386842
2900000	9	6.23320205516541
3000000	9	6.4139350215184
3100000	9	6.58369555325085
3200000	9	6.8171869784816
3300000	9	6.97818770759799
3400000	9	7.17357055745594
3500000	9	7.36638123830758
3600000	9	7.58520100671974
3700000	9	7.85202460933006
3800000	9	8.13091989321188
3900000	9	8.45776097228651
4000000	9	8.63649021874148
4100000	9	8.8698169999068
4200000	9	9.04510338024285
4300000	9	9.13322269642484
4400000	9	9.22429892227695
4500000	9	9.32919964694836
4600000	9	9.43299753911099
4700000	9	10.0498336245034
4800000	9	10.6023485081934
4900000	9	10.8088899094619
5000000	9	10.9338099976926
5100000	9	11.0547495470337
5200000	9	11.2515315577334
5300000	9	11.3596886366906
5400000	9	11.48455091127
5500000	9	11.5420914297626
5600000	9	11.6029896864919
5700000	9	11.6905095822261
5800000	9	11.8084525237475
5900000	9	11.9032313626534
6000000	9	12.2005922706442
6100000	9	12.4107919705186
6200000	9	12.5471294280226
6300000	9	13.5185541480729
6400000	9	14.023882427673
6500000	9	14.0984254434904
6600000	9	14.4511254223442
6700000	9	14.5019449376262
6800000	9	14.663927473064
6900000	9	14.7362793245624
7000000	9	14.932630510718
7100000	9	15.0213300869912
7200000	9	15.0877276375932
7300000	9	15.1739075238463
7400000	9	15.2740267491821
7500000	9	15.3559358530026
7600000	9	15.4438111297577
7700000	9	15.7275939829515
7800000	9	16.2826852678015
7900000	9	16.3555889252654
8000000	9	16.4450997317011
8100000	9	16.4813696889805
8200000	9	16.4978243169434
8300000	9	16.7068016608327
8400000	9	16.7133016128256
8500000	9	16.7229918059128
8600000	9	16.737723454804
8700000	9	16.9485552678509
8800000	9	17.0449669285577
8900000	9	17.0863331879567
9000000	9	17.1154550064652
9100000	9	17.2488042983081
9200000	9	17.2610962596956
9300000	9	17.3330202453136
9400000	9	17.3419928491783
9500000	9	17.4163458021099
9600000	9	17.4714024961919
9700000	9	17.4980519650582
9800000	9	17.6010218749299
9900000	9	17.693170587036
10100000	9	17.8069156789968
10200000	9	17.9412287772072
10300000	9	18.0363247046633
10400000	9	18.1267203409376
10500000	9	18.2217631856511
10600000	9	18.3157681554491
10700000	9	18.4043536679514
10800000	9	18.5007192385668
10900000	9	18.5893390694357
11000000	9	18.7485563448246
11100000	9	18.8038250206546
11200000	9	18.8551675547262
11300000	9	18.8897441121884
11400000	9	18.9348257470794
11500000	9	18.9666554106614
11600000	9	19.0486698019891
11700000	9	19.2505154964988
11800000	9	19.2706615984928
11900000	9	19.3772377299416
12000000	9	19.4462999272748
12100000	9	19.5319196114589
12200000	9	19.5497429875629
12300000	9	19.5984616360717
12400000	9	19.6388501159884
12500000	9	19.6481245671892
12600000	9	20.2151257849787
12700000	9	20.8254450441393
12800000	9	20.860334498311
12900000	9	20.8836949692689
13000000	9	20.9037132740281
13100000	9	20.9248378985982
13200000	9	20.9452786233606
13300000	9	20.9882588377616
13400000	9	21.0153866107701
13500000	9	21.0464984166502
13600000	9	21.081496064258
13700000	9	21.105612023155
13800000	9	21.1534137312943
13900000	9	21.1897895938998
14000000	9	21.291459873658
14100000	9	21.4044633776688
14200000	9	21.4938378105301
14300000	9	21.5524251323128
14400000	9	21.767154378693
14500000	9	21.8968978360331
14600000	9	21.9893330469163
14700000	9	22.0661272028362
14800000	9	22.1391742813702
14900000	9	22.2211965995777
15000000	9	22.2981613400939
15100000	9	22.3679752063028
15200000	9	22.4554852141211
15300000	9	22.5765864418325
15400000	9	22.6867876181802
15500000	9	22.782884163209
15600000	9	22.9505139164492
15700000	9	23.0370094269793
15800000	9	23.2154001252848
15900000	9	23.2688714452887
16000000	9	23.3658363276008
16100000	9	23.4373886824577
16200000	9	23.4875396906711
16300000	9	23.5488467519486
16400000	9	23.6440931675408
16500000	9	23.7125218583276
16600000	9	23.8119708263811
16700000	9	23.9919067664309
16800000	9	24.1451213036591
16900000	9	24.2290775616209
17000000	9	24.3864224520397
17100000	9	24.519581788576
17200000	9	24.5393179396816
17300000	9	24.559507242479
17400000	9	24.7731748494764
17500000	9	24.914043472917
17600000	9	24.9868509891021
17700000	9	25.0954047278712
17800000	9	25.2481376595164
17900000	9	25.4744601063052
18000000	9	25.719080686975
18100000	9	25.9306397893068
18200000	9	26.131074421522
18300000	9	26.269874081648
18400000	9	26.3750554352305
18500000	9	26.7610942479006
18600000	9	26.9610496036587
18700000	9	27.300848588272
18800000	9	27.57554355788
18900000	9	27.6981660484131
19000000	9	27.8243695694006
19100000	9	27.996115434706
19200000	9	28.2003078575832
19300000	9	28.4386760507239
19400000	9	28.6952042645045
19500000	9	28.9803309332348
19600000	9	29.1670430246891
19700000	9	29.3936847586057
19800000	9	29.6514350432513
19900000	9	29.9264921971544
20000000	9	30.2056806909773
20100000	9	30.4864154163205
20200000	9	30.7802038659778
20300000	9	31.0796862087694
20400000	9	31.3210910731565
20500000	9	32.0425928196295
20600000	9	32.5301567366724
20700000	9	32.8986825877736
20800000	9	33.2213326062649
20900000	9	33.3338582252004
21000000	9	33.4837450309511
21100000	9	33.6935158668488
21200000	9	33.9276923246335
21300000	9	34.4225222298828
21400000	9	34.9640261487056
21500000	9	35.5490834758921
21600000	9	36.0570313510101
21700000	9	36.4986915821441
21800000	9	36.9732773830464
21900000	9	37.3608968409951
22000000	9	37.7413037770388
22100000	9	38.0948697011195
22200000	9	38.4429733763242
22300000	9	38.7915471955857
22400000	9	39.1406803323757
22500000	9	39.4585521451205
22600000	9	39.7601776769248
22700000	9	39.9933869264704
22800000	9	40.3641514200825
22900000	9	40.78465835912
23000000	9	41.1915146287732
23100000	9	41.6011652897174
23200000	9	41.9962832632649
23300000	9	42.5264078321184
23400000	9	43.161580743476
23500000	9	44.0475697852115
23600000	9	44.9422412328554
23700000	9	45.8441725491103
23800000	9	46.7287394523418
23900000	9	47.6335103571182
24000000	9	48.1467022612913
24100000	9	48.5947902896792
24200000	9	49.0748257003019
24300000	9	49.6952530369977
24400000	9	50.3293368053647
24500000	9	50.9648925469755
24600000	9	51.6012515740565
24700000	9	52.2236636809991
24800000	9	52.8539618156003
24900000	9	53.4883029812683
25000000	9	54.0998471436282
25100000	9	54.7220419556032
25200000	9	55.3462645121024
25300000	9	55.9647855400359
25400000	9	56.586815054384
25500000	9	57.2125140664786
25600000	9	57.8131555704945
25700000	9	58.4997678427565
25800000	9	59.2229825102273
25900000	9	60.0176820464976
26000000	9	60.7934226659617
26100000	9	61.5584168682468
26200000	9	62.3493879422087
26300000	9	63.1129197374828
26400000	9	63.8968363522863
26500000	9	64.682749459959
26600000	9	65.4755299046382
26700000	9	66.2433129009292
26800000	9	67.0649381927831
26900000	9	67.8602181636387
27000000	9	68.6212897257645
27100000	9	69.4163057435474
27200000	9	70.1898925399423
27300000	9	70.9547947688828
27400000	9	71.7450743651452
27500000	9	72.5148996197842
27600000	9	73.2735354675727
27700000	9	73.7448279939986
27800000	9	74.109143776388
27900000	9	74.4597569055291
28000000	9	74.9709271404758
28100000	9	76.4853866270365
28200000	9	78.3020423326974
28300000	9	80.0585923449167
28400000	9	81.8882376517992
28500000	9	83.6994472473464
28600000	9	85.6275002261593
28700000	9	87.3851435743819
28800000	9	89.2543557095422
28900000	9	91.0135000938125
29000000	9	92.8251610951738
29100000	9	94.7514875603859
29200000	9	96.5062868404308
29300000	9	97.6087174148501
29400000	9	97.9560740473211
29500000	9	98.664386056378
29600000	9	100.384107095082
29700000	9	102.104986513399
29800000	9	103.781860490695
29900000	9	104.641091699267
30000000	9	105.232315544413
30100000	9	105.911488432866
30200000	9	106.533881435703
30300000	9	106.900037598001
30400000	9	107.107
