502
503
505
507
508
510
512
513
514
515
522
524
526
528
530
531
534
539
543
546
553
554
556
558
560
561
562
564
565
566
567
571
573
575
577
583
584
586
587
589
593
594
596
597
598
600
601
603
605
610
613
614
616
617
622
625
626
627
628
629
631
633
634
638
641
642
643
644
646
648
650
652
653
654
655
662
663
666
670
671
673
674
679
680
682
683
686
687
690
692
694
695
698
700
701
703
704
705
707
709
710
711
712
713
714
715
717
721
722
723
724
725
726
730
737
738
740
743
744
745
746
747
749
750
751
753
756
758
759
761
763
764
765
766
768
769
770
774
775
778
780
782
787
185
186
187
188
191
195
197
201
202
206
207
208
210
217
218
219
222
230
231
232
234
236
244
248
250
251
255
256
257
263
264
266
267
269
270
271
272
275
276
277
282
284
285
287
288
294
300
302
303
304
307
308
310
312
314
315
317
320
322
324
325
326
328
330
331
332
333
335
336
341
342
344
345
346
347
348
349
352
354
355
356
358
360
363
364
365
366
368
369
370
371
372
375
376
377
378
380
381
384
385
386
387
388
389
390
392
394
395
396
397
398
404
405
406
409
410
412
415
417
418
423
425
428
429
437
439
440
443
444
446
447
448
449
450
452
454
455
456
457
788
789
791
792
797
798
801
803
805
807
808
810
811
814
815
818
820
821
823
824
825
829
830
833
835
836
841
842
843
846
848
851
853
854
855
856
857
858
859
860
861
864
868
869
871
872
876
878
879
880
882
884
886
887
888
889
890
896
897
899
902
905
914
916
917
918
919
924
927
929
930
931
932
934
936
937
943
945
947
948
951
952
953
956
957
959
963
964
965
967
970
971
973
976
978
979
986
1
102
104
105
108
109
11
111
112
113
114
115
117
121
122
123
126
131
135
137
141
144
145
148
151
155
159
16
160
165
166
167
17
174
177
178
180
181
183
22
23
26
27
29
3
30
31
33
38
40
42
44
47
56
57
59
6
60
62
64
65
66
67
69
70
72
73
79
87
88
89
92
94
96
99
